201 9
0 1 0
0 1 1
0 1 2
0 1 4
1 2 1 0
1 3 1 0 7
1 3 3 0 5
0 3 7 0 1
0 5 1 0 4 0 3
1 5 2 0 8 0 6
1 5 5 0 7 0 4
0 7 1 0 1 0 6 0 0
0 7 2 0 3 0 2 0 1
0 7 4 0 6 0 4 0 2
1 8 1 0 0 3 1 0 0 5
0 9 1 0 8 0 6 1 0 0 1
0 9 3 0 7 0 4 1 0 0 2
0 9 7 0 5 0 0 1 0 0 4
1 11 1 0 5 0 1 0 2 0 8 0 7
1 11 3 0 0 0 3 0 5 0 7 0 6
1 11 6 0 0 0 7 0 1 0 6 0 4
0 13 1 0 2 0 2 0 4 0 4 0 3 0 0
0 13 2 0 4 0 4 0 8 0 8 0 6 0 0
0 13 4 1 0 0 0 0 8 0 8 0 3 0 1
0 14 1 0 1 0 0 1 0 7 0 7 0 7 0 2
1 15 1 1 0 0 8 0 2 0 5 0 6 0 5 0 5
0 15 3 1 0 0 6 0 6 0 1 0 4 0 2 0 2
1 15 7 1 0 0 3 0 3 0 3 0 8 0 4 0 4
0 17 1 0 5 1 0 0 6 0 6 0 7 0 7 0 0 0 0
0 17 3 0 2 0 0 0 3 0 4 0 6 0 5 0 1 0 0
0 17 6 0 4 0 0 0 6 1 0 0 4 0 1 0 3 0 0
0 19 1 0 2 1 0 0 2 0 3 1 0 0 8 0 2 0 6 0 0
0 19 2 0 5 0 8 0 3 0 7 1 0 0 6 0 6 0 2 0 1
0 19 5 0 1 0 7 0 8 0 6 0 0 0 3 0 3 0 5 0 2
1 21 1 0 0 0 4 0 5 0 8 0 3 0 1 0 6 0 7 0 0 0 5
0 21 2 0 0 1 0 0 2 0 7 0 7 0 3 0 3 0 5 0 2 0 1
0 21 4 0 1 0 8 0 4 0 5 0 5 0 7 0 7 0 0 0 5 0 2
1 21 8 0 3 0 7 0 0 0 2 0 2 0 6 0 5 0 2 0 0 0 5
0 23 1 0 6 0 8 0 4 0 1 0 4 0 5 0 3 0 1 0 5 0 1 0 1
0 23 3 0 3 0 7 1 0 0 3 1 0 0 1 0 7 0 3 0 0 0 3 0 2
1 23 6 0 7 0 5 1 0 0 7 0 8 0 2 0 4 0 7 0 0 0 6 0 4
0 25 1 0 3 0 6 0 3 0 0 0 5 0 7 0 5 1 0 0 5 0 2 0 3 0 0
0 25 2 0 7 0 2 0 7 0 1 0 1 0 6 0 3 0 0 0 0 0 5 0 6 0 0
0 25 5 0 4 0 6 0 4 0 3 0 3 0 2 0 7 0 0 0 1 0 1 0 3 0 1
0 27 1 0 1 0 0 0 3 1 0 0 7 0 6 0 5 0 4 0 1 0 2 0 2 0 6 0 2
1 27 2 0 2 0 0 0 7 1 0 0 5 0 4 0 1 1 0 0 3 0 4 0 5 0 2 0 5
0 27 4 0 4 0 1 0 6 0 0 0 0 1 0 0 4 0 8 0 5 1 0 0 1 0 6 0 1
0 27 8 0 8 0 3 0 2 0 1 0 1 0 8 0 8 0 7 0 2 1 0 0 3 0 2 0 3
1 29 1 0 7 0 7 0 7 0 4 0 2 0 3 0 7 0 8 0 5 0 6 0 8 0 5 0 4 0 6
0 29 3 0 5 0 6 0 5 1 0 0 5 0 7 0 5 0 8 0 2 0 4 0 8 0 2 0 0 0 4
1 29 7 0 1 0 4 0 3 0 0 0 1 0 6 0 2 0 7 0 5 1 0 0 7 0 5 0 0 1 0
1 31 1 0 4 0 3 0 8 0 6 0 0 0 3 0 2 0 6 0 5 0 3 0 0 0 5 0 1 0 2 0 7
1 31 2 0 8 0 7 0 7 0 3 0 1 0 6 0 5 0 3 0 1 0 7 0 1 0 0 0 3 0 5 0 5
0 31 5 0 7 0 6 0 5 0 7 0 3 0 3 0 1 0 7 0 3 0 4 0 3 0 0 0 7 0 1 0 2
0 33 1 0 1 0 6 0 4 0 2 0 5 0 7 0 6 0 3 0 4 0 7 0 8 0 6 0 1 0 4 0 3 0 4
1 33 2 0 3 0 2 1 0 0 6 0 1 0 6 0 3 0 7 1 0 0 6 0 8 0 3 0 3 0 8 0 6 1 0
1 33 4 0 6 0 5 1 0 0 2 0 4 0 2 0 8 0 6 0 0 0 3 0 7 0 7 0 7 0 7 0 4 1 0
1 34 1 0 0 4 0 2 1 0 0 4 0 8 0 5 0 7 0 3 0 1 0 7 0 5 0 6 0 6 0 6 0 0 1 0
1 35 1 0 8 0 7 0 5 0 8 0 8 0 7 0 2 0 5 0 7 0 3 0 5 0 2 0 4 0 4 0 3 0 2 0 7
1 35 3 0 7 0 6 0 2 0 8 0 8 0 5 0 6 0 1 0 5 0 8 0 0 0 5 0 8 0 8 0 6 0 5 0 5
0 35 7 0 5 0 3 0 6 0 7 0 8 0 2 0 3 0 4 0 1 0 7 0 2 0 1 0 8 0 8 0 4 0 2 0 2
1 37 1 0 5 0 1 0 8 0 3 0 6 0 7 0 5 0 6 0 8 0 3 0 4 0 5 0 3 0 7 0 7 1 0 0 5 0 4
0 37 3 0 0 0 4 0 6 0 8 0 3 0 6 0 2 0 4 0 7 0 7 1 0 0 1 0 8 0 5 0 7 0 0 0 1 0 0
0 37 6 0 0 1 0 0 4 0 7 0 8 0 2 0 5 1 0 0 6 0 6 1 0 0 3 0 7 0 2 0 5 0 1 0 2 0 0
0 39 1 0 2 0 2 0 8 0 8 0 5 0 7 0 6 0 2 0 0 0 3 0 4 1 0 0 7 0 4 0 6 0 0 0 3 0 4 0 0
0 39 2 0 4 0 5 0 7 0 8 0 2 0 6 0 3 0 5 0 0 0 7 0 0 0 0 0 5 0 0 0 3 0 1 0 6 0 8 0 0
0 39 4 1 0 0 2 0 6 0 7 0 6 0 2 0 8 0 0 0 2 0 4 0 1 0 1 0 0 0 1 0 6 0 3 0 3 0 7 0 1
0 40 1 0 1 0 0 5 0 3 0 6 0 3 0 6 0 6 0 1 0 4 0 8 0 2 0 2 0 0 0 3 0 2 0 7 0 7 0 4 0 3
1 41 1 1 0 1 0 0 0 0 8 0 2 0 8 0 3 0 3 0 3 1 0 0 7 0 5 0 4 0 0 0 6 0 5 0 5 0 5 1 0 0 7
1 41 3 1 0 0 8 0 0 0 6 0 6 0 6 0 7 0 6 0 7 1 0 0 5 0 1 1 0 0 2 0 3 0 2 0 2 0 3 0 0 0 5
0 41 7 1 0 0 6 0 2 0 3 0 4 0 4 0 6 0 4 0 7 0 0 0 0 0 4 0 8 0 3 0 6 0 4 0 4 0 6 0 1 0 1
0 43 1 0 6 0 0 0 2 0 5 0 6 1 0 0 0 0 4 0 0 0 5 0 1 0 0 1 0 0 7 0 8 0 3 0 0 0 0 0 3 0 3 0 2
1 43 3 0 2 0 1 0 5 0 1 0 4 1 0 0 0 0 8 0 1 0 0 0 3 0 1 1 0 0 5 0 7 0 7 0 0 0 0 0 6 0 6 0 4
0 43 6 0 4 0 3 0 0 0 3 1 0 1 0 0 1 0 6 0 3 0 0 0 6 0 3 1 0 0 1 0 6 0 5 0 1 0 1 0 3 0 4 0 0
0 45 1 0 2 1 0 0 7 0 0 0 7 1 0 0 8 0 2 0 2 0 7 0 1 0 2 0 8 0 8 0 2 0 3 0 1 0 3 0 2 0 6 0 8 0 0
0 45 2 0 5 1 0 0 4 0 2 0 6 0 0 0 6 0 5 0 5 0 4 0 3 0 5 0 7 0 7 0 5 0 6 0 2 0 6 0 5 0 3 0 7 0 1
0 45 5 0 1 1 0 0 8 0 5 0 2 0 2 0 3 0 2 0 1 1 0 0 8 0 1 0 6 0 6 0 2 0 3 0 6 0 3 0 1 0 8 0 4 0 3
1 47 1 0 0 0 4 1 0 0 7 0 1 0 5 0 4 0 6 0 4 0 3 1 0 0 6 0 4 0 3 0 3 0 5 0 7 0 2 0 7 0 3 0 6 1 0 0 7
1 47 2 0 1 0 0 0 0 0 4 0 4 0 1 0 0 0 3 1 0 1 0 0 0 0 2 1 0 0 7 0 7 0 1 0 5 0 6 0 4 0 8 0 4 0 0 0 5
0 47 4 0 2 0 0 0 0 0 8 0 8 0 2 0 0 0 7 1 0 0 7 1 0 0 5 1 0 0 5 0 5 0 4 0 1 0 4 0 0 0 7 1 0 0 2 0 1
0 47 8 0 4 0 0 0 1 0 7 0 7 0 5 0 1 0 6 0 0 0 6 0 0 0 2 0 0 0 1 0 1 1 0 0 3 0 8 0 1 0 5 1 0 0 4 0 2
1 49 1 0 6 1 0 0 1 0 3 0 5 0 6 0 1 0 4 0 2 0 2 0 2 0 1 0 4 0 0 0 2 0 3 0 8 0 6 0 6 0 4 0 1 1 0 0 8 0 4
0 49 3 0 3 1 0 0 2 0 7 0 1 0 3 0 3 0 8 0 4 0 4 0 4 0 2 0 8 0 0 0 4 0 7 0 7 0 4 0 3 1 0 0 4 1 0 0 7 0 0
0 49 6 0 7 0 8 0 4 0 4 0 3 0 6 0 7 0 6 1 0 1 0 1 0 0 6 0 6 0 1 1 0 0 6 0 5 1 0 1 0 0 0 0 0 0 0 0 4 0 1
0 51 1 0 3 0 6 0 7 1 0 1 0 0 8 0 3 0 6 0 5 0 0 1 0 1 0 0 3 0 3 0 4 1 0 0 3 0 3 0 0 0 7 1 0 0 0 0 0 0 8 0 2
1 51 2 0 7 0 3 0 7 0 0 1 0 0 6 0 8 0 3 0 1 0 2 1 0 0 8 0 5 0 6 1 0 1 0 0 6 0 6 0 1 0 5 1 0 0 0 0 1 0 6 0 5
0 51 5 0 4 0 8 0 4 0 2 1 0 0 3 0 7 0 7 0 2 0 5 1 0 0 7 0 2 0 5 0 0 1 0 0 3 0 3 0 4 0 1 1 0 0 0 0 3 0 3 0 2
1 53 1 0 1 0 0 0 7 1 0 0 6 0 8 0 6 0 5 0 5 0 6 0 2 0 0 0 4 0 6 0 0 0 2 0 8 0 5 0 6 0 8 0 3 0 7 1 0 0 6 0 6 0 4
0 53 2 0 2 0 1 0 6 0 0 0 3 0 8 0 4 0 2 0 2 0 3 0 5 0 0 1 0 0 3 0 1 0 5 0 7 0 2 0 4 0 7 0 8 0 6 0 0 0 3 0 4 0 0
0 53 4 0 4 0 3 0 2 0 1 0 7 0 6 1 0 0 5 0 4 0 7 0 0 0 2 0 8 0 5 0 3 0 1 0 5 0 5 1 0 0 6 0 8 0 3 0 1 0 6 0 8 0 0
0 53 8 0 8 0 6 0 4 0 3 0 5 0 5 0 0 0 1 0 0 0 5 0 1 0 5 0 7 0 1 0 7 0 3 0 1 0 3 0 0 0 3 0 7 0 7 0 3 0 3 0 7 0 1
0 55 1 0 7 0 8 0 3 1 0 0 8 0 1 0 1 0 1 0 2 0 1 0 0 0 4 0 1 0 5 0 4 0 4 0 7 0 2 0 6 0 0 0 7 0 5 0 5 0 7 0 7 0 4 0 3
1 55 3 0 5 0 7 1 0 0 0 0 6 0 3 0 2 0 2 0 4 0 2 0 0 0 8 0 3 0 1 0 0 0 0 0 5 0 6 0 2 0 2 0 5 0 2 0 2 0 6 0 5 1 0 0 7
1 55 7 0 1 0 6 1 0 0 1 0 2 0 7 0 4 0 4 0 8 0 4 0 1 0 6 0 7 0 2 0 0 0 1 0 1 0 3 0 5 0 5 0 0 0 5 0 5 0 3 0 3 0 0 0 5
0 57 1 0 4 0 4 0 3 1 0 0 2 0 5 0 5 0 0 0 0 0 7 1 0 0 4 0 3 0 5 0 5 0 0 0 2 0 2 0 7 0 1 0 1 0 2 0 1 0 1 0 7 0 6 0 1 0 1
0 57 2 0 8 0 8 0 7 0 8 0 4 0 1 0 1 0 1 0 1 0 5 1 0 0 8 0 7 0 1 0 1 0 1 0 4 0 5 0 4 0 3 0 2 0 4 0 2 0 3 0 5 0 3 0 3 0 2
1 57 5 0 7 0 8 0 6 0 7 1 0 0 3 0 2 0 2 0 3 0 2 0 0 0 7 0 5 0 3 0 2 0 2 1 0 0 1 1 0 0 7 0 4 0 8 0 4 0 7 0 0 0 7 0 6 0 4
0 59 1 0 1 0 6 0 8 0 4 0 6 1 0 0 6 0 4 0 4 0 6 0 4 0 1 0 5 0 1 0 7 0 4 0 5 0 8 0 2 1 0 0 5 0 0 0 8 0 0 0 5 0 2 0 5 0 4 0 0
0 59 2 0 3 0 3 0 8 0 0 0 5 0 0 0 3 0 0 0 0 0 3 1 0 0 4 0 0 0 4 0 5 0 0 0 2 0 7 0 6 1 0 0 0 0 2 0 6 0 2 0 0 0 6 0 0 1 0 0 1
0 59 4 0 6 0 7 0 6 0 2 0 0 0 1 0 6 0 0 0 0 0 7 0 8 0 7 0 0 1 0 0 1 0 1 0 5 0 5 0 4 1 0 0 0 0 5 0 2 0 5 0 1 0 2 0 2 0 8 0 1
0 60 1 0 0 4 0 6 0 3 0 5 0 0 0 3 0 2 0 1 0 1 0 5 0 8 0 5 0 2 0 8 0 1 0 3 0 1 0 2 0 0 1 0 0 1 0 0 0 6 0 0 0 3 0 4 0 5 0 6 0 3
1 61 1 0 8 0 8 0 2 0 8 0 0 0 1 0 6 0 4 0 2 0 3 0 1 0 8 0 1 0 6 0 6 0 3 0 6 0 2 0 4 0 1 0 8 0 1 0 1 0 2 0 1 0 6 1 0 0 2 0 3 0 7
1 61 3 0 7 0 7 0 6 0 6 0 1 0 3 0 2 1 0 0 5 0 6 0 3 0 6 0 4 0 3 0 3 0 8 0 2 0 5 0 8 0 3 0 6 0 3 0 2 0 4 0 3 0 3 1 0 0 4 0 7 0 5
0 61 7 0 5 0 6 0 4 0 3 0 3 0 6 0 5 1 0 0 1 0 3 0 8 0 2 1 0 0 7 0 7 0 6 0 6 0 1 0 7 0 8 0 2 0 7 0 4 0 8 0 6 0 7 0 8 0 8 0 5 0 2
1 63 1 0 5 0 2 0 3 1 0 0 7 0 7 0 3 0 2 1 0 0 2 0 7 0 6 0 6 1 0 0 5 0 6 0 4 0 3 0 4 0 5 0 7 0 6 0 5 0 0 0 8 0 4 0 6 0 8 0 8 0 1 0 5
0 63 3 0 0 0 5 0 7 1 0 0 5 0 5 0 7 0 5 0 8 0 4 0 5 0 4 0 5 0 0 0 1 0 3 1 0 0 7 1 0 0 2 0 6 0 4 0 1 0 2 0 7 0 0 0 4 0 8 0 7 0 4 0 1
0 63 6 0 1 0 1 0 7 0 0 0 1 0 2 0 6 0 2 0 8 0 0 0 2 0 0 0 1 0 1 0 2 0 7 1 0 0 5 1 0 0 5 0 2 1 0 0 3 0 5 0 4 0 1 1 0 0 8 0 5 1 0 0 3
1 65 1 0 2 0 3 0 3 0 4 0 1 0 2 0 5 0 2 0 6 0 6 0 1 0 4 0 0 0 2 0 2 0 5 0 6 0 0 0 2 0 0 0 0 0 6 0 8 0 6 0 0 1 0 0 4 1 0 0 7 0 2 1 0 0 6
0 65 2 0 4 0 6 0 6 0 8 0 2 0 5 0 0 0 6 0 3 0 3 0 3 0 8 0 0 0 4 0 5 0 1 0 3 0 1 0 4 0 0 0 1 0 3 0 8 0 3 0 2 1 0 0 0 0 0 0 4 0 6 1 0 0 3
1 65 4 1 0 0 4 0 4 0 7 0 6 0 0 0 2 0 2 0 7 0 6 0 7 0 6 0 1 1 0 0 1 0 3 0 6 0 2 0 8 0 0 0 2 0 7 0 6 0 7 0 5 0 7 1 0 0 0 1 0 0 4 1 0 0 6
0 66 1 0 1 0 1 0 0 0 0 6 0 3 0 1 0 4 0 5 0 5 0 4 0 6 0 3 0 4 0 8 0 1 0 7 0 2 0 6 0 6 0 1 0 5 0 5 0 4 0 6 0 2 0 6 1 0 0 1 1 0 0 0 0 0 0 3
1 67 1 1 0 1 0 0 8 0 0 0 2 0 7 0 2 1 0 0 2 0 2 0 0 0 3 0 7 1 0 0 7 0 4 0 4 0 6 0 3 0 3 0 4 0 1 0 2 0 0 0 3 0 6 0 3 1 0 0 3 0 7 1 0 0 0 0 6
0 67 3 1 0 1 0 0 6 0 1 0 5 0 4 0 6 0 8 0 3 0 4 0 0 0 7 0 6 0 0 0 5 0 0 0 0 0 3 0 7 0 6 0 8 0 2 0 4 0 0 0 7 0 2 0 8 0 8 0 6 0 5 1 0 0 1 0 3
1 67 7 1 0 1 0 0 2 0 4 0 1 0 0 0 4 0 7 0 7 0 8 0 1 0 5 0 3 0 2 0 0 0 1 0 0 0 7 0 5 0 4 0 7 0 5 0 8 0 1 0 4 0 6 0 7 0 8 0 4 0 2 1 0 0 2 0 6
0 69 1 0 6 0 0 0 8 0 3 0 8 0 2 0 0 1 0 0 6 0 6 0 7 0 4 0 0 0 7 0 4 0 0 0 2 0 1 0 5 0 2 0 0 0 6 0 2 0 7 0 3 1 0 0 4 0 6 0 7 1 0 0 6 0 8 0 4 0 3
1 69 3 0 2 0 2 0 6 0 8 0 6 0 5 0 1 1 0 0 3 0 4 0 5 1 0 0 2 0 4 1 0 0 1 0 4 0 3 0 0 0 5 0 1 0 2 0 6 0 4 0 8 0 8 0 8 0 3 0 7 0 0 0 3 0 7 1 0 0 7
1 69 6 0 4 0 5 0 3 0 8 0 4 0 1 0 4 0 8 0 5 1 0 0 2 1 0 0 4 1 0 1 0 0 2 0 8 0 6 0 1 0 0 0 3 0 5 0 3 0 0 0 8 0 8 0 7 0 8 0 4 0 1 0 7 0 6 0 0 0 5
0 71 1 0 3 0 0 0 1 0 8 0 6 1 0 0 3 1 0 0 8 0 2 1 0 0 5 1 0 0 0 0 0 0 8 0 4 0 7 0 3 0 3 0 0 0 7 0 0 0 7 0 1 0 7 0 8 0 6 0 7 1 0 0 4 0 5 0 3 0 2 0 1
0 71 2 0 6 0 0 0 3 0 7 0 4 1 0 0 7 1 0 0 6 0 6 1 0 0 1 1 0 0 0 0 1 0 7 0 0 0 5 0 7 0 6 0 1 0 4 0 2 0 4 0 4 0 5 0 8 0 4 0 6 1 0 1 0 0 1 0 7 0 4 0 2
1 71 5 0 2 0 1 0 7 0 5 0 1 0 0 0 6 0 0 0 3 0 4 1 0 0 3 0 7 1 0 0 3 0 4 0 2 0 1 0 6 0 3 0 3 0 8 0 4 1 0 0 0 0 2 0 8 0 0 0 5 0 0 0 8 0 2 0 4 1 0 0 5
0 73 1 0 0 0 5 0 3 0 5 0 1 0 3 0 1 0 2 0 1 0 6 1 0 1 0 0 7 0 5 1 0 0 6 0 8 0 4 0 3 0 2 0 7 0 7 0 7 0 0 1 0 0 0 0 5 0 6 0 2 0 0 0 2 0 6 0 6 0 0 0 0 0 1
0 73 2 0 1 0 0 0 8 0 0 0 3 0 6 0 2 0 4 0 3 0 4 0 0 1 0 0 5 0 3 0 0 0 3 0 7 1 0 0 7 0 5 0 5 0 6 0 5 0 2 0 8 0 0 0 1 0 3 0 5 0 0 0 5 0 3 0 3 0 1 0 0 0 2
0 73 4 0 2 0 1 0 6 0 1 0 7 0 2 0 5 0 8 0 6 0 8 0 1 1 0 0 0 0 7 0 0 0 7 0 6 0 0 0 5 0 2 0 2 0 4 0 1 0 6 0 6 0 1 0 2 0 7 0 0 0 2 0 0 0 7 0 6 0 2 0 0 0 4
1 73 8 0 4 0 3 0 2 0 4 0 4 0 6 0 1 0 8 0 4 0 7 0 4 0 8 0 0 0 4 0 2 0 5 0 3 0 2 0 0 0 5 0 4 0 8 0 3 0 3 0 3 0 3 0 5 0 4 0 1 0 4 0 1 0 5 0 3 0 5 0 0 1 0
1 75 1 0 6 1 0 0 7 0 4 1 0 0 0 0 3 0 4 0 7 0 0 0 6 0 0 0 7 0 1 0 8 0 5 0 0 0 7 0 4 0 1 0 1 0 0 0 7 0 7 0 6 0 6 0 7 0 0 1 0 0 3 0 8 0 3 0 0 0 8 0 0 0 2 0 7
1 75 3 0 4 0 0 0 5 0 0 1 0 0 0 0 6 1 0 0 5 0 2 0 2 0 2 0 4 0 4 0 7 0 1 0 2 0 4 1 0 0 3 0 2 0 1 0 5 0 6 0 4 0 4 0 5 0 2 0 8 0 6 0 6 0 7 0 1 0 6 0 1 0 5 0 5
0 75 6 0 8 0 1 0 0 0 2 0 8 0 0 0 4 0 0 0 0 0 5 0 4 0 4 1 0 0 0 0 5 0 3 0 4 1 0 1 0 0 6 0 4 0 3 0 1 0 4 0 0 0 0 0 1 0 6 0 7 0 4 0 4 0 5 0 4 0 2 0 4 0 1 0 2
0 77 1 0 3 0 7 0 3 0 0 0 5 0 6 0 1 0 8 0 0 0 1 0 1 0 0 0 0 1 0 0 1 0 0 0 8 0 0 0 0 1 0 0 2 1 0 0 7 0 2 0 8 0 0 0 0 0 3 0 3 0 6 0 0 0 0 0 1 1 0 0 5 0 8 0 2 0 4
1 77 2 0 7 0 4 0 7 0 1 0 1 0 3 0 4 0 6 0 1 0 2 0 2 0 0 0 1 0 8 0 1 0 1 0 6 0 1 0 1 0 8 0 4 1 0 0 4 0 6 0 6 0 1 0 0 0 6 0 7 0 2 0 1 0 0 0 3 1 0 0 1 0 7 0 5 1 0
1 77 5 0 5 0 0 0 5 0 3 0 2 0 6 1 0 0 3 0 3 0 4 0 4 0 0 0 3 0 6 0 3 0 3 0 2 0 3 0 3 0 7 0 0 1 0 1 0 0 4 0 3 0 3 0 1 0 3 0 5 0 5 0 2 0 0 0 7 0 8 0 2 0 5 0 2 1 0
1 79 1 0 1 0 1 0 2 0 0 0 7 0 5 0 3 1 0 0 6 0 6 0 8 0 8 0 0 0 7 0 2 0 7 0 6 0 4 0 6 0 7 0 4 0 2 1 0 0 8 0 7 0 6 0 6 0 2 0 7 0 1 0 1 0 5 0 1 0 5 0 7 0 6 0 0 0 6 0 7
1 79 2 0 2 0 2 0 4 0 1 0 5 0 1 1 0 0 0 0 3 0 4 0 8 0 7 0 2 0 4 0 6 0 5 0 4 0 0 0 4 0 5 1 0 0 6 1 0 0 7 0 6 0 4 0 3 0 6 0 4 0 3 0 3 0 0 0 4 0 1 0 6 0 3 0 2 0 3 0 6
0 79 4 0 4 0 4 0 8 0 3 0 0 0 4 0 7 1 0 0 6 1 0 0 8 0 5 0 5 1 0 0 4 0 1 1 0 0 1 1 0 0 3 0 0 0 4 0 0 0 5 0 3 1 0 0 8 0 2 1 0 0 7 0 6 0 0 0 8 0 3 0 2 0 7 0 4 0 7 0 3
1 80 1 0 0 0 0 0 0 7 0 7 0 0 1 0 0 7 0 0 0 4 0 0 0 7 0 2 0 2 1 0 0 8 0 3 0 8 0 2 0 8 0 5 0 0 0 8 0 1 0 0 1 0 0 0 0 6 0 6 1 0 0 5 0 3 0 2 0 6 0 7 0 5 0 5 0 0 0 5 0 7
1 81 1 0 7 1 0 0 1 0 5 0 5 0 2 1 0 0 4 0 1 0 8 0 1 0 4 0 5 0 5 1 0 0 6 0 8 0 6 0 6 0 7 0 1 0 2 0 6 0 3 0 1 0 8 0 0 0 3 0 5 0 0 0 0 0 7 0 5 0 3 0 6 0 2 0 1 0 2 0 1 0 6
0 81 3 0 5 1 0 0 3 0 1 0 1 0 6 0 8 0 7 0 3 0 6 0 3 1 0 0 2 0 3 0 0 0 3 0 8 0 4 0 4 0 5 0 3 0 5 0 2 0 7 0 3 0 6 0 1 0 7 0 0 0 1 0 1 0 5 0 1 0 8 0 2 0 5 0 2 0 4 0 3 0 3
1 81 7 0 1 1 0 0 6 0 2 0 3 0 3 0 8 0 5 0 8 0 2 0 8 0 8 0 3 0 6 0 0 0 7 0 7 0 0 0 0 0 1 0 8 0 0 0 6 0 4 0 8 0 2 0 4 0 4 0 1 0 2 0 3 0 0 0 4 0 6 0 6 0 0 0 5 0 8 0 6 0 6
1 83 1 0 4 0 4 1 0 0 2 0 5 0 6 0 7 0 7 0 2 0 7 0 6 0 7 0 7 0 8 0 2 0 2 0 5 0 5 0 1 0 0 0 3 0 6 0 2 0 3 0 0 0 7 0 5 0 8 0 8 0 2 0 4 0 6 0 0 1 0 0 4 0 3 0 2 0 1 0 8 0 4 0 4
0 83 2 1 0 0 0 1 0 0 5 0 1 0 4 0 6 0 5 0 6 0 5 0 4 0 6 0 6 0 7 0 5 0 5 0 1 0 1 0 3 0 0 0 7 0 2 0 5 0 6 0 1 0 5 0 2 0 8 0 7 0 5 1 0 0 3 0 2 0 8 0 7 0 6 0 4 0 3 0 7 0 0 0 0
0 83 5 0 8 0 0 1 0 0 0 0 3 1 0 0 4 0 2 0 4 0 2 0 0 0 4 0 4 0 6 0 2 0 1 0 3 0 2 0 6 0 1 0 4 0 6 0 1 0 3 0 4 0 0 0 6 0 7 0 6 0 2 1 0 0 6 0 5 0 7 0 6 0 3 1 0 0 8 0 4 0 1 0 0
0 85 1 0 1 0 7 0 2 0 7 1 0 0 7 0 8 0 7 0 4 0 8 0 4 0 0 1 0 0 0 0 3 0 5 0 2 0 6 0 5 0 2 0 3 1 0 0 3 0 3 0 6 0 8 0 1 0 3 0 6 0 3 0 6 1 0 0 3 0 2 0 6 0 3 1 0 0 0 0 6 1 0 0 3 0 0
0 85 2 0 3 0 4 0 6 0 6 0 0 0 5 0 8 0 6 0 0 0 7 1 0 0 2 0 7 1 0 0 7 0 0 0 6 0 3 0 1 0 5 0 7 0 8 0 5 0 7 0 3 0 7 0 3 0 7 0 2 0 8 0 3 1 0 0 6 0 5 0 2 0 8 0 8 0 0 0 3 1 0 0 6 0 0
0 85 4 0 6 1 0 0 4 0 3 0 2 0 1 0 8 0 3 0 2 0 5 1 0 0 5 0 6 0 0 0 4 0 2 0 2 0 7 0 3 0 1 0 6 0 8 0 2 0 5 0 8 0 4 0 8 0 4 0 6 0 6 1 0 0 0 0 3 0 1 0 6 0 7 0 7 0 1 0 7 1 0 0 2 0 1
0 86 1 0 0 4 1 0 0 8 0 6 0 4 0 3 0 6 0 7 0 5 0 2 0 0 0 1 0 3 0 1 0 8 0 4 0 5 0 4 0 7 0 3 0 3 0 7 0 6 0 1 0 8 0 0 0 8 0 0 0 4 0 4 1 0 0 0 0 6 0 3 0 3 0 6 0 5 0 4 0 5 1 0 0 4 0 2
1 87 1 1 0 0 0 0 0 0 7 0 3 1 0 0 8 0 3 0 6 0 1 0 5 0 0 0 2 0 6 0 3 0 7 0 0 0 2 0 0 0 5 0 7 0 7 0 5 0 3 0 4 0 6 0 2 0 6 0 1 1 0 0 0 1 0 0 1 0 2 0 7 0 7 0 3 0 2 0 0 0 2 1 0 0 8 0 4
0 87 3 0 7 1 0 0 1 0 4 1 0 0 0 0 6 0 8 0 2 0 4 0 0 0 1 0 5 0 2 0 8 0 4 0 1 0 4 0 1 0 1 0 6 0 6 0 1 0 7 1 0 0 3 0 6 0 2 0 4 0 8 0 0 0 8 0 1 0 5 0 5 0 5 0 7 0 4 0 0 0 5 1 0 0 7 0 0
0 87 7 0 5 1 0 0 2 1 0 1 0 0 1 0 3 0 7 0 5 0 8 0 0 0 3 0 0 0 6 0 6 1 0 0 3 0 8 0 2 0 3 0 3 0 3 0 4 0 5 1 0 0 7 0 2 0 5 1 0 0 7 0 2 0 6 0 4 0 1 0 2 0 2 0 5 1 0 0 2 0 2 0 0 0 4 0 1
0 89 1 0 5 0 2 1 0 0 5 1 0 0 8 0 1 0 7 0 5 0 2 0 7 0 1 0 6 0 1 0 3 0 4 1 0 0 7 0 6 0 5 0 6 0 6 0 6 1 0 0 3 0 0 0 4 0 6 0 2 0 0 0 4 0 6 0 2 1 0 0 3 0 4 0 5 0 1 1 0 0 4 0 4 0 0 0 8 0 2
1 89 3 0 0 0 6 1 0 0 2 0 0 0 6 0 4 0 5 0 1 0 6 0 4 0 4 0 2 0 3 0 7 0 0 0 0 0 5 0 4 0 2 0 4 0 4 0 4 1 0 0 6 0 0 1 0 0 3 0 5 0 0 1 0 0 3 0 6 0 8 0 5 1 0 0 1 0 4 0 8 0 7 0 8 0 1 0 6 0 5
0 89 6 0 1 0 3 1 0 0 4 0 1 0 3 0 0 0 1 0 4 0 2 1 0 1 0 0 5 0 7 0 4 0 1 0 1 0 0 1 0 0 5 1 0 0 0 0 1 0 0 0 2 0 2 0 8 0 6 0 0 0 2 0 8 0 6 0 3 0 8 0 2 1 0 0 2 1 0 0 8 0 6 0 7 0 4 0 3 0 2
1 91 1 0 2 0 3 0 7 0 8 0 7 0 2 0 6 0 0 0 2 0 8 0 5 1 0 1 0 0 1 0 5 1 0 0 3 0 2 0 1 1 0 0 1 1 0 0 0 0 2 0 0 0 4 0 5 0 7 0 3 0 1 0 5 0 7 0 3 0 8 0 6 0 6 0 8 0 4 1 0 0 7 0 4 0 5 1 0 0 7 0 4
0 91 2 0 4 0 7 0 5 0 8 0 5 0 6 0 2 0 1 0 5 0 7 0 3 0 0 0 8 0 2 0 1 1 0 0 6 0 4 0 3 0 8 0 2 0 7 1 0 0 4 0 0 1 0 0 2 0 5 0 7 0 3 0 1 0 5 0 8 0 7 0 4 0 4 0 8 0 1 0 0 0 5 0 0 0 3 0 0 0 5 0 0
0 91 4 1 0 0 6 0 2 0 8 0 2 0 3 0 5 0 3 0 1 0 5 0 7 0 1 0 6 0 5 0 3 1 0 0 2 1 0 0 8 0 6 0 6 0 5 1 0 0 8 0 1 0 8 0 4 0 1 0 5 0 7 0 3 0 1 0 8 0 6 0 0 0 0 0 7 0 3 0 1 0 0 0 1 0 6 0 1 0 0 0 1
0 93 1 0 0 0 0 0 2 0 6 0 6 0 5 0 7 0 0 0 7 0 3 0 1 0 5 0 4 0 3 0 1 0 8 0 8 0 4 1 0 0 7 0 4 0 4 0 3 0 0 0 6 0 4 0 6 1 0 0 4 0 1 0 5 0 7 0 3 0 7 0 3 0 1 0 1 0 4 0 7 0 2 0 0 0 3 0 2 0 3 0 0 0 2
0 93 2 0 0 0 0 0 5 0 3 0 4 0 2 0 5 0 2 0 4 0 7 0 3 0 0 1 0 0 7 0 3 0 7 0 8 0 1 0 0 0 4 1 0 1 0 0 7 0 1 0 3 0 0 0 4 1 0 0 8 0 3 0 1 0 5 0 8 0 4 0 7 0 2 0 2 1 0 0 5 0 5 0 0 0 6 0 4 0 6 0 0 0 4
1 93 4 0 0 0 1 0 0 0 7 0 8 0 5 0 0 0 5 1 0 0 5 0 7 0 1 1 0 0 4 0 8 0 5 0 7 0 3 0 1 0 0 0 0 1 0 0 4 0 3 0 6 0 1 0 0 0 0 0 6 0 7 0 3 0 1 0 8 0 0 0 5 0 5 0 5 1 0 0 1 0 1 0 2 0 3 0 0 0 3 0 1 1 0
1 93 8 0 0 0 2 0 1 0 5 0 8 0 1 0 2 0 2 0 0 0 1 0 5 0 4 0 8 0 8 0 7 0 2 0 5 0 7 0 2 0 0 0 1 0 8 0 7 0 7 0 2 0 3 0 0 0 1 0 3 0 5 0 7 0 3 0 6 0 2 0 1 0 2 0 2 1 0 0 2 0 2 0 4 0 6 0 0 0 6 0 3 0 7
1 95 1 0 6 0 1 0 4 0 3 0 1 0 7 0 3 0 4 0 4 0 0 0 3 0 1 0 0 0 8 0 8 0 5 0 6 0 1 0 5 0 5 0 0 0 3 0 7 0 6 0 5 0 5 0 6 0 0 0 2 0 7 0 1 0 5 0 8 0 2 0 5 0 2 0 4 0 5 0 8 0 3 0 4 1 0 0 3 0 2 0 2 0 8 0 5
0 95 3 0 2 0 3 0 8 0 6 0 3 0 4 0 7 0 8 0 8 0 0 0 6 0 2 0 1 0 7 0 8 0 2 0 3 0 4 0 1 0 1 0 1 0 7 0 5 0 4 0 2 0 2 0 3 0 1 0 5 0 4 0 4 0 1 0 7 0 6 0 0 0 5 1 0 0 2 0 7 0 7 1 0 1 0 0 6 0 4 0 5 0 7 0 2
1 95 6 0 4 0 7 0 7 0 3 0 7 1 0 0 6 0 8 0 7 0 2 0 2 0 5 0 3 0 5 0 7 0 5 0 6 0 8 0 2 0 2 0 3 0 5 0 1 1 0 0 5 0 4 0 6 0 3 0 0 1 0 1 0 0 4 0 5 0 3 0 2 0 1 1 0 0 5 0 5 0 7 0 0 1 0 0 3 0 0 0 2 0 5 0 5
0 97 1 0 3 0 0 0 6 0 5 0 8 0 6 0 0 0 3 0 8 0 5 0 5 0 5 0 0 0 8 0 1 0 6 0 2 0 4 0 7 0 5 0 4 0 7 0 0 0 4 1 0 0 1 0 0 0 3 0 7 0 1 1 0 0 8 0 8 0 0 0 7 0 4 0 3 1 0 0 1 0 2 0 5 0 2 0 8 0 5 0 0 0 5 0 1 0 2
0 97 2 0 6 0 1 0 3 0 2 0 8 0 3 0 1 0 7 0 7 0 2 0 2 0 1 0 2 0 6 0 4 0 2 0 5 1 0 0 6 0 2 0 0 0 5 0 1 1 0 1 0 0 2 0 0 0 7 0 4 0 4 1 0 0 7 0 7 0 2 0 4 1 0 0 8 0 8 0 1 0 5 0 0 0 6 0 7 0 1 0 2 0 0 0 3 0 4
1 97 5 0 2 0 3 0 6 0 5 0 6 0 7 0 3 0 5 0 5 0 5 0 4 0 2 0 5 0 2 1 0 0 6 0 2 0 0 0 2 0 5 0 1 0 0 0 4 1 0 0 8 0 3 0 1 0 5 0 0 0 1 0 0 0 5 0 5 0 6 0 0 0 0 0 7 0 7 0 4 0 0 0 2 0 3 0 5 0 3 0 4 0 0 0 6 1 0
1 99 1 0 0 0 5 0 7 0 3 0 2 0 4 0 5 0 8 0 1 0 2 0 1 1 0 0 6 0 0 0 6 1 0 0 2 0 5 0 0 0 5 0 0 0 3 0 1 0 0 0 0 0 6 0 7 0 3 0 0 0 1 0 2 0 1 0 1 0 2 0 3 0 1 0 1 0 5 0 5 1 0 0 1 0 4 0 7 0 0 0 7 0 8 0 1 0 3 1 0
1 99 2 0 1 0 1 0 5 0 7 0 4 1 0 0 2 0 7 0 3 0 4 0 3 1 0 0 2 0 2 0 3 1 0 0 5 0 0 0 2 0 0 0 1 0 6 0 2 0 0 0 1 0 3 0 5 0 7 0 0 0 2 0 4 0 2 0 2 0 4 0 6 0 2 0 3 0 1 0 2 1 0 0 2 1 0 0 5 0 2 0 5 0 7 0 3 0 7 0 7
1 99 4 0 2 0 3 0 1 0 6 0 0 1 0 0 5 0 4 0 7 0 8 0 7 0 8 0 3 0 4 0 7 1 0 0 0 0 1 0 4 0 0 0 3 0 2 0 5 0 0 0 2 0 7 0 1 0 5 0 1 0 4 0 8 0 4 0 4 1 0 0 3 0 5 0 6 0 2 0 5 0 8 0 4 1 0 0 0 0 6 0 1 0 5 0 8 0 5 0 6
0 99 8 0 4 0 6 0 3 0 2 0 2 1 0 0 1 0 0 0 6 0 8 0 6 0 7 0 7 1 0 0 6 1 0 0 0 0 2 0 8 0 0 0 6 0 5 0 0 0 1 0 5 0 4 0 4 0 0 0 3 1 0 0 8 0 0 0 0 1 0 0 7 0 1 0 3 0 6 0 1 0 8 0 0 1 0 0 1 0 2 0 4 0 1 0 8 0 2 0 4
1 101 1 0 7 0 0 0 3 0 7 0 4 0 5 0 8 0 1 0 1 0 3 0 8 0 4 0 6 0 7 0 0 0 3 1 0 0 0 0 5 0 6 0 2 0 3 0 1 0 1 0 3 0 0 1 0 1 0 0 1 0 7 1 0 0 6 0 1 0 1 1 0 0 4 0 3 0 7 0 2 0 4 0 6 0 2 0 8 0 1 0 4 0 8 0 3 0 6 0 5 1 0
1 101 3 0 4 0 1 0 7 0 5 0 0 0 2 0 7 0 3 0 2 0 7 0 7 0 0 0 4 0 5 0 1 0 7 0 8 0 0 0 1 0 3 0 5 0 6 0 2 0 2 0 6 0 1 1 0 0 8 0 2 0 6 0 0 0 2 0 3 0 3 0 8 0 7 0 7 0 4 0 5 1 0 0 3 0 6 0 6 0 3 1 0 0 7 0 8 0 3 0 2 1 0
1 101 6 0 8 0 3 0 5 0 1 0 1 0 5 0 4 0 7 0 5 0 5 0 5 0 1 1 0 0 1 0 4 0 5 0 7 0 1 0 2 0 7 0 1 0 3 0 5 0 5 0 2 0 4 1 0 0 6 0 6 0 2 0 1 0 4 0 6 0 7 0 7 0 6 0 6 0 0 0 2 1 0 0 7 0 3 0 3 1 0 0 0 0 5 0 7 0 7 0 5 0 7
1 103 1 0 3 0 7 0 8 0 0 0 3 0 3 0 1 0 0 0 6 0 2 0 2 0 1 0 4 0 8 0 1 1 0 0 2 0 5 0 3 0 5 0 4 0 3 0 7 0 1 0 1 0 6 0 0 0 0 0 3 0 3 0 5 0 2 1 0 0 4 0 6 0 6 0 4 0 3 0 1 0 5 1 0 0 4 0 7 0 7 0 8 0 0 0 1 0 6 0 6 0 2 0 6
0 103 2 0 7 0 5 0 7 0 1 0 6 0 6 0 2 0 1 0 2 0 5 0 4 0 2 1 0 0 7 0 4 0 8 0 4 0 0 0 8 0 0 1 0 0 8 0 4 0 3 0 3 0 2 0 1 0 0 0 6 0 7 0 0 0 6 0 8 0 8 0 3 0 3 1 0 0 7 0 3 0 1 1 0 1 0 0 6 0 6 0 7 0 1 0 3 0 3 0 3 0 6 0 3
1 103 5 0 5 0 2 0 5 0 4 0 3 0 3 0 5 0 2 0 5 0 0 1 0 0 6 1 0 0 5 0 0 0 7 1 0 0 2 0 6 0 2 1 0 0 6 1 0 0 7 0 6 0 4 0 2 0 1 0 3 0 5 0 2 0 3 0 8 0 7 0 7 0 7 1 0 0 4 0 7 0 3 1 0 1 0 0 3 0 4 0 5 0 3 0 6 0 6 0 7 0 2 0 7
1 105 1 0 1 0 1 0 6 0 0 1 0 0 7 0 7 0 0 0 6 0 0 0 2 1 0 0 4 0 0 0 0 0 2 0 5 1 0 0 5 0 2 0 6 1 0 0 4 0 0 0 5 0 3 1 0 0 5 0 2 0 7 0 0 0 5 0 7 0 7 0 6 0 6 0 6 1 0 1 0 0 5 1 0 0 0 0 8 0 5 1 0 0 1 0 8 0 3 0 4 0 5 0 6 0 5
0 105 2 0 2 0 3 0 2 0 2 1 0 0 5 0 5 0 2 0 2 0 1 0 5 0 8 0 7 0 0 0 0 0 5 0 2 0 0 0 0 0 6 0 3 1 0 0 8 0 1 0 0 1 0 0 0 0 0 0 6 0 4 0 2 0 1 0 6 0 6 0 4 0 4 0 5 0 0 1 0 0 1 1 0 0 1 0 7 0 2 1 0 0 3 0 6 0 7 1 0 0 2 0 4 0 2
1 105 4 0 4 0 6 0 4 0 5 1 0 0 1 0 1 0 5 0 4 0 3 0 1 0 8 0 5 0 1 0 1 0 0 0 5 0 0 0 1 0 2 1 0 0 0 0 6 0 3 0 1 0 7 1 0 0 1 0 2 1 0 0 5 0 3 0 3 0 4 0 0 0 0 0 1 0 2 0 8 0 2 0 8 0 2 0 4 0 6 0 8 0 6 0 3 0 6 1 0 0 4 0 8 0 4
0 106 1 0 0 0 0 4 0 0 0 2 1 0 0 2 0 3 0 0 1 0 0 7 0 3 0 7 0 1 0 3 0 2 0 1 0 0 0 1 0 2 0 5 0 8 0 0 0 2 0 7 0 3 0 5 1 0 0 2 0 5 1 0 0 0 0 7 0 6 0 8 0 0 0 0 0 2 0 5 0 6 0 6 0 6 0 5 1 0 0 4 0 8 0 3 0 8 0 3 1 0 1 0 0 8 0 0
0 107 1 0 7 1 0 0 8 0 0 0 5 0 8 0 3 0 6 0 1 1 0 0 4 0 8 0 4 0 3 0 6 0 4 0 2 0 0 0 2 0 5 0 1 0 7 0 1 0 5 0 4 0 8 0 1 1 0 0 5 0 1 1 0 0 1 0 5 0 4 0 7 0 1 0 0 0 5 0 1 0 4 0 4 0 4 0 2 1 0 1 0 0 7 0 8 0 6 1 0 0 0 1 0 0 6 0 1
0 107 3 0 6 0 0 0 6 0 2 0 1 0 7 0 8 0 2 0 4 0 8 0 8 0 6 1 0 0 8 0 2 1 0 0 5 0 0 0 5 0 0 0 4 0 4 0 4 0 1 0 0 0 7 0 4 1 0 0 0 0 4 0 8 0 2 0 1 0 0 0 5 0 3 0 1 0 0 0 3 0 8 0 8 0 8 0 5 1 0 1 0 0 5 0 8 0 4 1 0 0 1 1 0 0 2 0 3
1 107 7 0 2 0 2 0 2 0 5 0 3 0 5 0 7 0 5 1 0 0 8 0 8 0 5 0 0 0 6 0 6 1 0 0 0 0 2 0 0 0 1 0 8 0 8 0 8 0 2 0 1 0 5 0 0 1 0 0 0 1 0 0 7 0 5 0 2 0 1 0 0 0 7 0 2 0 0 0 7 0 7 0 8 0 8 0 3 0 0 1 0 0 1 0 8 0 0 1 0 0 3 0 8 0 3 0 6
0 109 1 0 4 0 5 0 4 0 5 0 0 0 8 0 1 0 6 0 3 0 0 0 7 0 8 0 1 0 2 0 3 0 4 1 0 0 0 0 4 0 0 0 3 0 7 0 8 0 7 0 5 0 3 0 0 0 2 0 8 0 0 1 0 0 5 0 1 0 5 0 2 0 1 0 4 0 5 0 1 0 5 0 6 0 8 0 7 0 7 0 1 0 8 0 2 0 6 0 2 0 8 0 6 0 6 0 8 0 3
1 109 2 1 0 0 2 0 0 0 1 0 2 0 6 0 4 0 2 0 7 0 1 0 5 0 7 0 3 0 4 0 6 1 0 1 0 0 0 0 8 0 0 0 7 0 5 0 8 0 6 0 1 0 7 0 0 0 5 0 6 0 2 1 0 0 0 0 4 0 0 0 5 0 2 1 0 0 1 0 4 0 1 0 4 0 8 0 6 0 5 0 4 0 6 0 6 0 2 0 6 0 7 0 4 0 4 0 7 0 7
1 109 5 0 8 0 3 0 0 0 2 0 5 0 2 1 0 0 6 0 4 0 4 0 1 0 5 0 7 1 0 0 5 0 0 0 8 0 0 0 6 0 2 0 5 0 2 0 8 0 3 0 4 0 4 0 2 0 1 0 3 0 6 0 7 1 0 0 8 0 1 0 0 0 6 0 8 0 1 0 8 0 2 1 0 0 8 0 4 0 2 0 0 0 4 0 3 0 6 0 3 0 6 0 0 0 0 0 6 0 6
0 111 1 0 1 0 7 0 7 0 0 0 5 0 0 0 6 1 0 0 2 1 0 1 0 0 4 0 1 0 7 0 0 0 0 0 2 0 6 0 2 0 2 0 6 0 0 0 6 0 6 0 7 0 8 0 8 0 4 0 2 0 7 0 3 0 7 0 0 0 6 0 3 0 1 0 3 0 7 0 4 0 6 0 6 1 0 0 6 1 0 0 5 0 0 0 8 0 7 0 2 0 8 0 2 0 1 0 1 0 3 0 4
1 111 2 0 3 0 5 0 5 0 2 0 0 0 2 0 3 1 0 0 5 1 0 0 8 0 7 0 3 0 4 0 1 0 0 0 5 0 2 0 5 0 5 0 2 0 2 0 3 0 4 0 6 0 8 0 7 1 0 0 6 0 4 0 8 0 4 0 2 0 2 0 7 0 2 0 7 0 5 0 0 0 4 0 5 0 0 0 4 0 0 0 0 0 2 0 7 0 5 0 6 0 6 0 5 0 2 0 2 0 6 1 0
1 111 4 0 7 0 1 0 1 0 5 0 0 0 4 0 7 1 0 0 2 0 0 0 7 0 5 0 7 0 8 0 2 0 1 0 0 0 6 0 1 0 1 0 5 0 4 0 6 1 0 0 4 0 8 0 7 0 0 0 3 0 0 0 7 1 0 0 5 0 5 0 4 0 6 0 5 0 1 0 1 1 0 0 1 0 1 0 8 0 0 0 0 0 5 0 5 0 2 0 4 0 4 0 1 0 5 0 5 0 3 1 0
1 112 1 0 0 5 0 3 0 3 0 0 0 1 1 0 0 6 1 0 0 4 0 1 0 5 0 2 0 6 0 7 0 5 0 2 0 1 0 2 0 3 0 3 0 1 0 0 0 4 1 0 1 0 0 8 0 5 0 1 0 6 0 1 0 6 0 0 0 1 0 2 0 0 0 4 0 1 0 3 0 3 0 8 0 1 0 3 0 6 0 1 0 1 0 1 0 1 0 5 0 8 0 8 0 3 0 1 0 1 0 8 0 7
1 113 1 1 0 0 0 0 7 0 6 0 0 0 3 1 0 0 3 1 0 0 8 0 3 0 0 0 6 0 3 0 6 0 1 0 5 0 2 0 4 0 6 0 6 0 2 0 1 0 0 0 0 1 0 0 7 0 1 0 4 0 2 0 4 0 2 0 1 0 2 0 4 0 0 0 8 0 2 0 6 0 7 0 6 0 3 0 7 0 2 0 3 0 2 0 2 0 3 0 1 0 8 0 7 0 7 0 2 0 3 0 7 0 6
1 113 3 0 8 0 0 0 5 0 3 0 1 0 7 0 8 0 6 1 0 0 6 0 7 0 1 0 2 0 8 0 2 0 4 0 0 0 5 1 0 0 4 0 3 0 5 0 2 0 0 0 1 1 0 0 4 0 3 0 8 0 4 0 8 0 4 0 2 0 4 0 8 0 1 0 6 0 6 0 3 0 6 0 3 0 8 0 4 0 5 0 6 0 4 0 4 0 6 0 3 0 7 0 6 0 5 0 5 0 7 0 5 0 4
0 113 7 0 6 0 2 0 0 0 7 0 3 0 5 0 8 0 5 0 0 0 3 0 5 0 3 0 5 0 6 0 5 0 8 0 1 0 1 1 0 0 8 0 7 0 0 0 5 0 0 0 3 0 8 0 7 0 7 0 7 0 0 0 7 1 0 0 5 1 0 0 7 0 4 0 3 0 3 0 8 0 2 0 8 0 7 0 0 0 2 0 4 0 0 0 0 0 3 0 8 0 5 0 4 0 2 0 2 0 6 0 2 0 0
0 115 1 0 5 0 3 0 5 0 1 0 4 0 8 0 1 0 8 0 1 0 1 0 7 0 0 0 8 0 1 0 4 0 2 0 7 0 3 0 3 1 0 0 7 0 5 0 2 0 0 0 1 0 7 0 7 0 6 0 6 0 5 0 2 0 6 0 0 0 2 0 0 0 4 1 0 0 7 0 7 0 6 0 6 0 7 0 5 0 1 0 4 0 8 0 0 0 0 0 7 0 7 0 1 1 0 0 5 0 5 0 2 0 5 0 0
0 115 3 0 0 0 8 0 0 0 3 1 0 0 7 0 4 0 6 0 3 0 3 0 4 0 2 0 6 0 3 0 8 0 5 0 4 0 7 0 7 1 0 0 5 0 1 0 5 0 0 0 3 0 5 0 6 0 4 0 4 0 1 0 6 0 2 0 1 0 4 0 1 0 0 0 0 0 5 0 6 0 4 0 4 0 6 0 1 0 3 1 0 0 7 0 1 0 1 0 5 0 5 0 4 1 0 0 1 0 1 0 6 0 0 0 1
0 115 6 0 1 0 6 0 1 0 7 1 0 0 5 0 0 0 3 0 7 0 6 0 8 0 5 0 2 0 8 0 7 0 2 0 0 0 6 0 7 0 0 0 0 0 4 0 0 0 1 0 7 0 1 0 3 1 0 1 0 0 4 0 2 0 5 0 2 0 8 0 2 0 0 0 1 0 1 0 4 0 0 0 0 0 3 0 3 0 7 1 0 0 4 0 3 0 3 0 1 0 2 0 0 1 0 0 2 0 3 0 2 0 1 0 2
0 117 1 0 2 0 4 0 2 0 4 0 6 0 0 0 0 0 1 0 7 0 5 0 4 0 8 0 1 0 6 0 7 0 5 0 5 0 1 0 3 0 5 0 1 0 0 0 8 0 0 0 3 0 4 0 3 0 7 1 0 0 8 0 7 0 5 0 0 0 6 0 6 0 5 0 0 0 2 0 2 0 8 0 0 0 0 0 6 0 7 0 5 1 0 0 8 0 6 0 6 0 2 0 4 0 1 0 8 0 3 0 6 0 4 0 2 0 4
1 117 2 0 4 0 8 0 4 1 0 0 3 0 1 0 0 0 3 0 5 0 2 0 0 0 7 0 4 0 3 0 6 0 2 0 1 0 3 0 7 0 0 0 3 0 1 0 6 0 1 0 6 0 8 0 7 0 6 0 0 0 7 0 6 0 1 0 2 0 3 0 4 0 1 0 1 0 4 0 5 0 6 0 1 0 1 0 3 0 6 0 3 0 0 0 7 0 4 0 3 0 5 0 8 0 3 0 6 0 8 0 2 1 0 0 5 1 0
1 117 4 1 0 0 8 0 0 1 0 0 6 0 2 0 0 0 7 0 0 0 5 0 1 0 4 1 0 0 8 0 2 0 5 0 2 0 7 0 4 0 1 0 6 0 3 0 2 0 4 0 3 0 8 0 6 0 3 0 2 0 5 0 3 0 3 0 4 0 6 0 8 0 2 0 2 1 0 0 2 0 3 0 3 0 2 0 7 0 2 0 7 0 1 0 4 1 0 0 8 0 1 0 7 0 8 0 3 0 7 0 6 1 0 0 1 1 0
1 119 1 0 0 0 0 0 6 0 2 1 0 0 2 0 5 0 1 0 4 0 2 0 0 0 4 0 0 0 0 0 6 0 6 0 0 0 6 0 4 1 0 0 4 0 2 0 7 0 4 0 8 0 7 0 7 0 3 0 7 0 5 0 0 0 7 0 6 1 0 0 4 0 7 0 5 0 5 0 8 0 3 0 6 0 6 0 5 0 4 0 6 0 4 0 4 0 0 0 0 0 6 0 4 0 5 0 7 0 8 0 5 0 4 1 0 0 3 0 7
1 119 2 0 0 0 1 0 2 0 6 0 8 0 4 0 0 0 3 0 8 0 4 0 0 0 8 0 0 0 1 0 3 0 3 0 2 0 3 0 0 1 0 0 8 0 5 0 5 0 0 0 8 0 6 0 5 0 8 0 5 0 1 0 2 0 5 0 4 1 0 1 0 0 6 0 2 0 2 0 7 0 8 0 3 0 4 0 2 0 0 0 3 1 0 1 0 0 1 0 1 0 3 0 0 0 2 0 6 0 8 0 2 0 0 1 0 0 7 0 5
0 119 4 0 0 0 2 0 5 0 3 0 7 1 0 0 1 0 7 0 6 1 0 0 2 0 6 0 1 0 2 0 6 0 6 0 4 0 6 0 1 1 0 0 7 0 2 0 1 0 2 0 7 0 4 0 2 0 8 0 1 0 3 0 5 0 1 0 1 0 0 1 0 0 2 0 5 0 5 0 5 0 7 0 7 0 8 0 4 0 0 0 7 1 0 0 8 0 1 0 2 0 6 0 0 0 5 0 3 0 7 0 5 0 1 1 0 0 5 0 2
1 119 8 0 0 0 5 0 0 0 8 0 5 1 0 0 3 0 5 0 4 1 0 0 5 0 2 0 3 0 5 0 3 0 4 0 0 0 3 0 4 1 0 0 4 0 5 0 2 0 5 0 4 1 0 0 6 0 6 0 3 0 7 0 0 0 3 0 2 0 1 0 8 0 4 0 1 0 2 0 2 0 6 0 6 0 7 1 0 0 2 0 6 0 0 0 6 0 3 0 5 0 2 0 2 0 0 0 8 0 5 0 1 0 4 1 0 0 0 0 5
0 121 1 0 6 0 2 0 0 0 2 0 7 0 2 1 0 0 7 0 1 0 1 0 0 0 0 0 5 0 7 0 0 0 7 0 8 0 0 0 6 1 0 1 0 1 0 0 1 0 6 0 1 0 1 0 0 0 3 0 3 0 8 0 4 0 1 0 6 0 4 0 3 0 6 1 0 0 3 0 4 0 5 0 3 0 4 0 6 1 0 0 5 0 2 0 2 0 2 0 8 0 0 0 5 0 4 0 1 0 7 0 1 0 3 1 0 1 0 0 1 0 1
