201 4
0 1 0
0 1 1
2 2 1 0
2 2 3 0
0 3 2 2 1
1 4 2 1 1 2
1 5 2 0 2 1 2
2 6 2 0 0 0 3 0
0 7 1 2 2 1 2 2 1
1 8 1 2 0 2 1 0 1 2
1 9 1 1 2 1 0 1 1 1 2
1 10 1 1 0 2 2 1 1 0 0 2
2 11 1 0 2 2 1 1 2 3 0 2 0
1 12 1 0 1 1 2 0 1 1 0 3 0 1
0 13 1 0 0 1 0 2 0 0 2 2 2 2 1
1 13 3 0 1 0 0 2 3 0 0 3 0 1 2
1 14 2 2 2 0 3 0 1 0 2 0 1 2 2 2
1 15 2 1 2 2 1 2 2 1 0 3 0 2 0 2 2
0 16 2 1 0 0 2 1 0 1 2 2 3 0 0 0 1 1
1 17 2 0 1 0 2 0 1 1 2 1 0 0 1 1 1 0 2
2 18 1 3 0 0 0 3 0 1 0 2 2 0 1 0 3 0 1 0
1 19 1 2 1 1 1 2 2 2 1 1 1 1 0 0 1 2 2 0 2
2 20 1 1 3 0 0 1 0 2 2 3 0 2 3 0 1 2 0 1 1 0
2 21 1 1 1 1 1 2 0 1 2 0 1 0 2 0 2 2 2 0 0 2 0
1 22 1 1 0 0 0 0 2 0 1 2 0 0 1 0 0 1 2 1 2 2 2 2
1 23 1 0 2 0 0 0 1 3 0 1 1 2 1 3 0 1 2 0 0 0 3 0 1
0 24 1 0 0 2 2 1 1 2 1 2 2 1 0 0 1 2 2 1 2 1 2 2 2 1
1 24 3 0 2 1 2 0 1 0 0 0 1 2 0 1 2 0 2 1 0 0 0 2 2 2
1 25 2 3 0 0 2 2 3 0 2 1 1 1 2 0 1 2 1 0 1 0 0 2 1 2 2
0 26 2 2 0 2 0 1 0 1 0 0 2 1 0 2 0 1 2 2 0 3 0 2 1 0 0 1
2 27 2 1 1 0 2 3 0 3 0 2 3 0 1 1 3 0 2 0 1 1 3 0 0 1 0 1 0
2 28 2 0 2 0 1 2 1 0 3 0 2 0 2 2 1 1 3 0 2 2 1 1 1 1 3 0 3 0
0 29 1 3 0 3 0 1 2 2 2 3 0 0 0 1 2 0 1 2 0 1 2 0 0 0 1 2 0 2 1
0 30 1 2 2 0 2 3 0 0 0 0 0 1 1 1 1 2 0 1 2 0 1 1 2 1 1 1 2 1 0 1
2 31 1 2 0 1 1 2 0 1 1 0 0 1 1 0 0 0 2 0 1 2 0 1 0 3 0 0 0 2 2 1 0
2 32 1 1 2 0 1 0 2 0 0 2 0 1 0 2 0 0 1 3 0 1 2 0 0 1 2 1 1 2 1 1 2 0
1 33 1 1 0 2 0 0 0 2 2 2 3 0 0 0 2 2 2 2 1 2 2 1 2 2 1 3 0 0 3 0 0 1 2
1 34 1 0 2 1 2 2 1 2 2 0 0 0 1 1 2 1 3 0 2 1 0 2 1 0 2 1 1 2 0 1 1 2 1 2
2 35 1 0 1 1 0 0 2 1 0 0 2 1 1 1 1 0 0 2 0 0 1 2 0 1 2 0 2 1 2 0 1 0 3 0 2
0 36 1 0 0 0 2 0 2 0 1 0 2 0 2 0 2 3 0 1 2 2 2 1 2 0 1 2 1 0 2 3 0 0 1 3 0 0
0 36 3 0 0 1 3 0 3 0 0 1 0 0 0 0 2 0 2 3 0 2 3 0 2 0 1 2 2 2 2 0 1 2 2 1 1 1
2 37 2 2 1 2 2 2 0 2 1 1 3 0 0 0 2 0 0 2 1 0 2 0 3 0 2 3 0 3 0 1 0 2 0 1 3 0 2
0 38 2 1 2 1 0 2 2 1 0 2 2 1 1 1 1 2 2 3 0 1 2 0 0 3 0 2 1 0 2 2 1 0 3 0 2 2 0 0
0 39 2 0 3 0 1 2 1 1 2 2 1 2 0 0 0 1 1 0 0 2 2 1 3 0 2 0 0 1 2 1 1 2 2 3 0 1 0 2 1
0 40 2 0 0 2 2 2 3 0 1 0 2 0 1 2 1 1 0 2 0 2 1 2 1 1 3 0 1 2 1 3 0 1 1 0 0 2 1 1 0 1
2 41 1 2 3 0 1 0 0 0 2 1 0 3 0 1 2 3 0 1 0 0 0 3 0 2 2 1 2 3 0 0 1 2 1 2 0 2 0 2 0 0 0
2 42 1 2 1 0 2 0 2 1 2 0 1 2 2 3 0 0 0 2 0 2 1 2 3 0 1 2 1 1 0 1 2 1 3 0 2 0 3 0 2 2 1 0
2 43 1 1 2 2 2 0 0 0 2 3 0 2 1 0 0 1 1 2 0 0 1 0 1 0 2 2 2 3 0 0 2 0 0 2 0 0 0 3 0 1 1 2 0
1 44 1 1 1 0 2 1 2 1 2 2 1 0 0 1 0 1 1 0 1 2 2 0 0 0 1 2 0 0 0 1 2 2 2 2 2 2 1 2 2 2 2 0 1 2
1 45 1 0 3 0 1 1 0 0 0 0 1 2 0 1 0 0 0 2 1 2 0 0 2 1 1 1 1 2 1 1 2 0 3 0 3 0 2 1 0 3 0 1 0 1 2
1 46 1 0 1 2 2 1 2 0 0 0 1 1 1 3 0 2 1 2 0 2 2 2 3 0 2 1 0 0 3 0 0 2 1 3 0 3 0 0 1 2 2 2 1 0 1 2
1 47 1 0 0 2 0 2 0 1 2 1 1 1 0 1 2 0 0 3 0 0 2 0 0 1 0 0 1 0 2 2 2 0 0 0 2 0 2 1 2 2 0 2 2 2 1 1 2
1 47 3 0 1 3 0 3 0 1 2 3 0 2 1 1 1 3 0 1 1 2 2 2 1 3 0 1 0 1 1 2 1 2 1 2 0 0 1 0 0 1 1 1 2 3 0 0 2
2 48 2 2 3 0 1 0 2 3 0 0 1 0 0 2 1 1 1 2 2 1 0 3 0 0 1 2 1 0 1 0 3 0 3 0 1 2 1 3 0 1 1 0 1 1 0 1 3 0
0 49 2 2 0 0 2 1 1 2 0 1 1 3 0 2 0 2 1 1 0 1 2 2 2 1 2 1 2 2 1 0 1 3 0 2 2 3 0 0 1 2 1 2 1 0 2 1 2 1 1
2 50 2 1 0 2 3 0 2 1 2 0 1 1 2 0 0 0 0 2 0 0 2 0 3 0 0 0 0 0 1 2 1 2 2 0 2 0 0 1 2 1 3 0 2 2 2 0 3 0 2 0
1 51 2 0 1 2 2 1 0 0 2 3 0 1 0 1 2 1 0 1 2 2 3 0 0 2 1 1 0 0 1 2 0 0 0 1 0 2 2 2 2 0 0 2 0 1 2 2 1 2 3 0 1
0 52 1 3 0 2 0 1 2 0 2 2 0 2 1 0 1 2 2 1 2 1 0 0 1 3 0 1 3 0 1 1 1 2 1 1 0 1 1 3 0 0 2 2 3 0 2 0 2 1 1 0 2 1
1 53 1 2 1 3 0 2 2 2 1 1 1 1 0 1 1 2 0 2 0 2 2 0 1 2 1 3 0 0 2 2 0 0 2 3 0 0 1 1 1 2 0 1 0 1 0 0 0 0 2 0 1 0 1
0 54 1 2 0 0 2 0 1 2 2 3 0 3 0 0 1 0 2 1 0 0 1 1 0 2 0 0 1 2 0 0 0 3 0 1 0 1 2 1 0 0 1 3 0 3 0 2 1 0 1 3 0 0 0 0
0 55 1 1 1 2 2 3 0 2 1 0 1 0 2 1 2 0 1 0 1 0 1 0 2 1 2 2 2 1 1 2 1 2 2 2 1 0 1 2 2 0 1 2 2 0 3 0 0 1 1 2 1 1 1 0 0
0 56 1 1 0 1 1 0 1 0 0 1 1 0 1 0 2 3 0 0 0 0 0 0 1 1 0 0 2 3 0 1 0 0 0 2 2 2 1 2 0 1 0 2 0 1 1 2 1 2 1 0 2 3 0 2 0 0
0 57 1 0 2 1 0 2 0 3 0 1 0 2 1 0 1 2 0 1 1 0 0 0 1 0 2 0 2 2 0 2 0 2 1 2 1 2 3 0 2 0 0 0 3 0 1 0 3 0 2 2 2 2 0 3 0 1 1
1 58 1 0 1 0 1 2 0 0 2 2 1 1 0 1 1 1 2 0 0 2 0 0 1 0 1 0 0 1 1 1 0 0 1 0 0 0 1 0 3 0 1 1 2 2 2 1 1 3 0 1 3 0 1 1 2 2 1 2
1 59 1 0 0 0 0 1 1 3 0 0 1 3 0 0 1 0 0 1 2 2 2 2 1 3 0 3 0 1 0 2 3 0 0 3 0 0 1 0 1 2 2 2 1 0 2 3 0 1 1 3 0 0 2 2 1 0 2 0 2
2 59 3 0 0 0 1 1 1 1 1 2 2 1 1 1 3 0 1 2 0 3 0 2 1 2 0 2 2 1 1 2 0 2 0 1 1 2 0 0 2 0 2 2 2 2 2 0 2 2 1 1 2 0 0 1 2 2 0 0 0
2 60 2 2 1 1 1 1 0 0 0 1 0 2 0 0 1 1 2 2 2 1 3 0 0 3 0 0 1 2 0 0 2 0 3 0 1 0 1 2 3 0 0 1 3 0 2 2 1 1 2 0 0 1 2 2 2 0 0 2 1 0
2 61 2 1 1 3 0 2 3 0 0 1 0 0 2 2 2 1 1 0 3 0 0 1 2 0 1 1 2 1 1 2 3 0 0 2 2 1 0 2 1 0 1 2 2 2 0 1 2 0 0 1 2 2 2 0 2 1 2 3 0 1 0
1 62 2 0 2 2 2 0 2 0 1 1 3 0 2 1 2 2 3 0 1 2 1 2 1 2 0 1 0 3 0 1 1 0 2 0 0 1 2 2 0 1 1 2 0 2 2 0 1 1 2 2 2 0 2 2 1 1 0 1 0 2 0 2
2 63 2 0 0 1 2 2 0 3 0 1 1 2 0 1 0 1 0 0 2 2 3 0 3 0 2 0 0 1 2 2 1 2 1 2 2 2 2 0 1 0 1 0 2 1 1 1 0 1 1 0 2 2 1 1 1 3 0 0 0 1 0 0 0
2 64 1 2 2 2 2 0 1 1 2 2 2 0 1 3 0 3 0 3 0 1 0 1 0 2 3 0 1 2 2 0 2 1 0 0 0 3 0 1 0 0 0 0 1 0 2 0 2 1 0 2 2 1 2 0 0 1 1 1 1 0 3 0 0 0
2 65 1 2 0 3 0 1 0 1 1 0 2 2 0 2 2 0 3 0 2 2 1 0 0 1 2 0 2 3 0 1 1 0 1 0 0 2 2 2 0 2 1 0 1 0 1 0 0 0 1 2 1 2 0 1 2 2 0 3 0 2 2 2 1 1 0
2 66 1 1 2 1 2 2 1 0 0 2 2 1 1 1 1 1 1 3 0 1 1 2 0 1 1 2 1 2 0 2 1 2 0 3 0 2 1 2 2 1 0 1 0 3 0 3 0 0 1 1 3 0 2 0 2 0 1 1 3 0 1 2 2 2 3 0
0 67 1 1 1 0 0 0 1 2 0 2 1 2 0 0 0 0 0 1 1 2 2 0 2 0 1 0 3 0 2 1 0 3 0 0 3 0 1 0 0 1 2 1 0 1 3 0 2 1 2 1 1 1 3 0 3 0 2 2 1 1 3 0 0 0 0 0 1
2 68 1 0 2 3 0 0 1 1 2 1 0 2 2 2 1 0 0 1 1 1 0 1 0 3 0 0 1 3 0 0 1 2 2 2 0 1 2 0 2 2 1 2 2 1 2 2 0 0 3 0 2 1 1 2 0 3 0 1 2 0 1 1 1 1 0 0 1 0
2 69 1 0 1 2 0 1 2 1 0 2 2 2 1 2 2 2 0 1 0 3 0 0 0 1 2 1 2 2 1 1 2 2 0 2 2 0 1 2 1 1 2 1 0 2 1 0 0 3 0 2 0 0 2 1 2 1 2 2 2 2 0 0 3 0 2 0 0 3 0
0 70 1 0 0 1 2 0 1 2 2 2 1 3 0 0 0 2 2 0 0 1 2 1 1 1 2 0 0 0 2 0 1 0 1 1 1 1 0 1 3 0 0 2 2 2 0 1 0 2 2 3 0 2 0 0 0 0 0 0 3 0 0 3 0 1 3 0 2 0 1 1
1 70 3 0 1 1 2 0 2 0 3 0 0 1 1 1 2 1 0 2 2 1 3 0 0 0 1 2 1 1 3 0 0 0 0 3 0 2 1 2 1 2 0 0 2 2 0 0 1 2 0 0 3 0 1 1 0 0 0 2 2 2 0 1 3 0 0 3 0 2 1 2
2 71 2 2 2 2 0 2 1 0 0 2 1 2 1 0 0 2 2 2 1 2 1 1 1 1 1 1 3 0 1 1 1 1 0 2 3 0 0 3 0 2 2 3 0 0 0 2 2 1 1 3 0 1 2 1 2 0 0 2 1 2 2 0 2 1 2 0 2 0 0 3 0
0 72 2 1 3 0 1 1 0 1 0 2 0 3 0 1 0 2 1 2 3 0 3 0 0 0 0 0 1 1 2 1 3 0 2 2 2 0 2 0 2 0 2 0 0 1 1 2 1 2 0 1 1 2 2 3 0 1 3 0 0 0 0 1 1 0 2 3 0 2 3 0 1 1
1 73 2 1 0 1 2 1 2 1 0 1 0 0 2 2 1 1 1 0 1 1 0 2 1 1 0 0 1 1 1 0 0 2 0 1 2 2 0 3 0 3 0 2 2 2 1 0 3 0 2 0 1 1 1 0 0 3 0 0 1 1 0 1 0 2 2 2 1 0 2 0 2 1 2
2 74 2 0 1 1 1 3 0 2 2 0 3 0 2 1 1 3 0 2 1 0 2 2 0 1 3 0 1 0 2 3 0 1 3 0 2 0 1 1 3 0 3 0 1 2 2 2 2 2 3 0 2 1 2 3 0 2 2 1 2 0 2 1 0 1 1 2 2 2 2 0 0 0 3 0
0 75 1 3 0 1 0 1 2 0 1 1 1 3 0 0 2 2 2 0 0 1 2 1 1 0 2 1 2 1 1 2 0 3 0 0 3 0 2 2 1 2 0 2 3 0 0 0 0 0 0 1 0 1 0 1 1 0 1 2 0 2 1 0 1 1 1 1 0 3 0 0 2 1 2 2 1
1 76 1 2 1 2 1 0 1 2 0 1 0 1 1 2 0 0 2 1 2 2 1 2 3 0 1 0 3 0 2 1 2 1 2 2 0 2 0 1 2 0 2 1 2 0 1 1 0 0 0 1 0 0 0 0 0 2 1 1 2 1 0 1 1 0 3 0 2 2 2 2 0 0 0 0 1 2
1 77 1 1 3 0 2 2 1 1 2 0 0 0 1 0 1 3 0 0 0 0 2 1 1 0 2 1 1 3 0 1 0 0 0 0 1 0 3 0 1 2 1 0 2 3 0 0 2 0 0 0 3 0 0 0 0 2 0 2 1 2 2 1 0 2 2 3 0 1 3 0 0 2 1 0 1 1 2
1 78 1 1 1 2 0 1 2 0 0 1 2 1 1 0 0 2 1 1 1 0 2 0 2 0 1 0 2 2 1 2 0 2 1 0 1 0 1 2 2 2 2 2 2 2 0 1 2 2 2 1 2 2 1 1 0 2 0 0 1 0 0 1 2 2 2 0 0 3 0 0 1 3 0 1 1 1 0 2
2 79 1 1 0 0 2 0 1 1 2 2 1 2 2 3 0 2 0 2 0 2 1 3 0 3 0 0 1 1 2 0 2 1 0 1 1 0 0 2 0 3 0 3 0 2 2 0 2 0 3 0 0 0 1 3 0 0 2 2 1 3 0 1 2 0 2 1 3 0 1 1 2 2 1 2 1 3 0 1 0
1 80 1 0 2 0 1 3 0 1 1 0 2 1 1 0 1 0 0 0 0 0 1 0 2 0 2 1 2 1 0 2 1 0 1 1 0 2 0 2 0 0 3 0 3 0 1 1 1 0 0 2 1 1 1 2 1 2 0 0 2 1 1 2 2 2 1 1 0 1 2 2 1 0 2 1 0 0 1 2 0 2
2 81 1 0 0 3 0 2 1 2 1 2 2 0 1 3 0 3 0 0 0 0 1 0 1 0 0 0 3 0 1 2 0 1 1 0 2 1 3 0 2 3 0 2 0 2 2 1 2 3 0 2 0 2 1 0 3 0 1 2 3 0 2 2 0 2 2 3 0 0 2 0 1 2 2 0 1 0 1 1 2 1 0
2 81 3 0 2 3 0 1 0 0 0 0 1 0 2 2 0 2 1 1 0 0 3 0 3 0 0 2 2 2 2 2 0 0 2 2 1 0 2 0 2 1 0 0 0 1 2 1 1 1 0 0 0 0 1 2 2 3 0 0 1 0 1 1 1 2 0 0 1 2 3 0 2 0 1 0 0 0 1 0 2 2 0
1 82 2 3 0 2 0 2 0 2 1 0 1 0 1 1 1 1 0 1 3 0 2 3 0 2 2 0 0 3 0 2 1 3 0 0 1 2 2 0 0 0 1 0 0 1 1 2 3 0 2 0 0 0 1 2 1 0 0 1 2 0 0 1 0 0 1 2 2 2 1 0 3 0 2 0 2 1 1 0 1 1 0 2
2 83 2 2 1 0 0 0 0 0 0 1 1 0 0 0 3 0 2 1 2 2 0 2 1 0 1 0 3 0 2 0 1 0 1 1 2 2 0 0 2 1 0 3 0 1 1 1 1 0 3 0 1 1 1 1 2 2 0 1 1 1 2 1 3 0 1 2 0 2 2 2 2 3 0 0 0 0 2 0 0 0 2 2 0
1 84 2 1 1 2 0 0 0 0 0 1 0 2 0 0 2 3 0 1 0 0 1 1 0 1 1 0 1 2 3 0 2 1 0 1 1 0 0 2 3 0 1 2 2 2 1 3 0 2 2 2 2 2 0 0 1 0 1 0 1 0 1 0 0 1 2 2 2 1 2 0 0 0 0 1 1 0 1 2 2 1 2 1 0 2
2 85 2 0 2 1 1 2 1 0 0 1 0 0 2 3 0 1 0 2 0 2 2 0 2 1 0 2 1 2 1 1 0 0 1 1 0 2 0 2 2 0 2 3 0 3 0 0 2 0 1 3 0 2 1 2 1 3 0 3 0 3 0 3 0 1 2 0 2 3 0 1 2 1 0 1 0 2 1 2 0 2 0 2 2 2 0
1 86 2 0 0 0 2 1 2 2 0 0 3 0 2 2 0 2 1 1 0 0 1 1 1 0 1 2 0 3 0 1 3 0 1 0 2 2 0 0 1 1 1 2 1 0 2 1 2 3 0 2 2 0 1 0 0 0 2 0 3 0 3 0 2 2 2 2 1 2 0 2 2 2 2 1 0 1 0 3 0 0 0 0 1 2 1 2
2 87 1 2 2 1 2 1 0 0 0 3 0 2 0 1 1 1 0 1 3 0 1 0 3 0 0 1 2 1 2 3 0 0 2 1 1 1 0 2 2 1 0 0 2 2 2 1 0 1 1 0 1 0 3 0 2 1 2 0 0 3 0 3 0 1 3 0 2 0 2 1 1 3 0 1 2 1 0 1 2 1 1 0 1 1 3 0 2
0 88 1 2 0 2 0 2 2 0 0 2 2 3 0 2 1 3 0 0 2 1 2 1 1 2 1 2 2 0 0 1 0 1 3 0 2 0 2 2 1 1 2 0 2 1 2 2 2 1 0 2 1 0 1 3 0 0 2 2 3 0 2 0 2 3 0 1 0 0 0 0 2 2 1 2 2 2 2 1 1 2 3 0 0 1 1 2 0 0
0 89 1 1 2 1 0 0 1 0 3 0 1 0 1 0 1 0 1 1 3 0 3 0 2 2 0 0 0 0 2 2 0 0 2 2 0 0 0 1 2 0 0 2 1 1 0 0 2 2 2 2 0 1 1 2 1 2 0 1 0 1 0 0 0 2 0 2 0 2 1 0 2 1 2 1 0 3 0 2 0 1 1 0 1 2 1 0 1 2 1
1 90 1 1 0 2 2 0 1 0 1 2 2 1 0 0 0 0 0 1 1 2 0 3 0 1 0 2 1 0 2 1 0 3 0 0 0 2 1 1 1 1 2 3 0 1 3 0 2 1 3 0 1 0 1 0 3 0 1 3 0 3 0 2 1 2 0 0 0 0 0 1 2 0 3 0 1 2 2 3 0 2 1 2 1 1 2 2 1 1 2 2
1 91 1 0 2 2 1 1 0 0 0 2 0 1 2 0 0 0 0 1 1 0 2 1 2 2 1 1 0 1 2 0 1 2 2 1 1 2 0 2 1 0 1 1 0 3 0 1 0 1 0 1 2 1 0 0 1 2 3 0 1 0 3 0 0 2 2 2 1 0 0 1 1 2 1 2 3 0 0 0 1 0 0 3 0 2 2 0 2 0 1 0 1
0 92 1 0 1 1 1 2 3 0 0 1 3 0 1 1 2 1 0 1 0 2 2 1 0 0 1 3 0 0 1 2 0 2 0 2 0 0 2 1 0 1 1 0 2 2 2 2 1 0 0 0 1 2 2 0 1 2 1 0 2 1 1 2 2 0 0 2 2 2 0 1 1 1 0 0 1 0 1 1 0 3 0 2 3 0 1 1 0 3 0 0 0 0
0 93 1 0 0 1 0 1 1 0 1 2 2 1 2 2 0 2 2 1 0 1 1 1 2 0 1 2 1 1 2 1 2 0 3 0 2 2 3 0 1 1 0 2 2 1 3 0 1 2 0 0 1 2 0 1 0 1 2 2 2 0 2 2 0 0 3 0 0 2 2 0 0 2 3 0 1 0 0 0 2 2 3 0 2 0 2 1 2 2 2 1 1 0 0
0 93 3 0 1 0 0 0 2 1 2 0 2 1 0 1 1 1 1 2 1 1 0 0 2 0 1 3 0 0 3 0 2 1 3 0 2 0 0 2 1 2 2 1 2 1 1 2 2 1 2 2 1 2 0 0 0 2 0 2 2 1 1 0 3 0 1 2 0 0 0 3 0 1 0 2 0 2 1 2 2 0 1 0 0 0 1 0 0 2 2 2 3 0 0
0 94 2 2 2 0 2 1 2 0 3 0 0 0 1 1 1 0 0 0 2 2 3 0 1 3 0 2 1 2 0 2 0 1 0 1 3 0 2 0 0 0 0 2 0 3 0 1 0 2 1 0 2 0 1 2 1 2 0 0 1 1 3 0 1 2 2 2 1 2 1 2 2 2 1 1 0 0 1 0 0 0 3 0 2 1 0 3 0 2 2 0 0 0 1 1
1 95 2 1 2 2 1 0 3 0 0 2 1 1 1 0 2 3 0 0 2 2 0 0 3 0 1 0 0 2 3 0 3 0 0 0 2 1 3 0 1 1 0 2 0 0 2 2 1 1 0 1 1 3 0 1 3 0 1 2 2 1 1 1 2 3 0 3 0 0 0 0 0 2 2 2 3 0 0 3 0 0 2 3 0 0 1 2 3 0 1 0 2 1 1 0 2
2 96 2 1 0 0 1 2 2 2 1 3 0 2 0 2 2 2 0 2 0 0 0 3 0 1 2 0 3 0 1 1 0 2 1 1 2 1 0 1 2 1 2 1 2 3 0 0 1 3 0 0 1 1 1 3 0 0 2 3 0 2 0 0 1 1 1 0 2 1 1 0 0 2 2 0 0 0 2 0 1 2 0 1 0 1 2 2 1 0 2 1 1 0 2 0 1 0
2 97 2 0 1 0 1 2 0 3 0 0 2 0 0 0 1 2 2 0 2 2 1 2 2 2 2 2 1 2 2 1 2 2 0 2 1 2 2 1 2 0 0 0 0 1 0 1 2 2 1 1 2 1 0 1 1 2 0 1 0 3 0 1 2 0 3 0 1 0 1 3 0 2 1 0 2 1 1 3 0 1 2 0 0 0 2 0 1 2 2 0 2 0 0 2 3 0 2
0 98 1 3 0 0 0 1 2 1 2 1 2 2 2 1 1 2 0 1 1 1 2 1 0 3 0 3 0 0 0 2 1 0 1 1 1 0 0 2 0 1 2 1 0 1 0 0 2 0 2 0 0 2 2 1 1 0 2 0 0 1 2 2 2 2 1 2 2 1 0 2 2 0 0 1 2 0 2 2 1 2 2 1 2 1 1 3 0 2 0 1 0 2 3 0 1 1 0 0
0 99 1 2 1 1 1 1 2 0 0 0 0 0 2 3 0 0 2 0 1 0 0 2 2 2 3 0 2 1 1 2 0 1 1 0 2 3 0 1 3 0 1 2 2 0 3 0 1 3 0 2 3 0 0 1 3 0 0 2 2 2 2 0 3 0 2 1 0 1 2 2 1 0 2 2 1 2 1 1 2 1 0 2 0 3 0 1 1 3 0 2 1 1 2 0 2 1 2 0 0
0 100 1 1 3 0 0 0 0 1 2 1 0 0 2 2 0 1 2 2 3 0 3 0 1 0 0 1 0 0 2 1 2 0 0 2 2 2 0 3 0 0 2 3 0 1 1 2 3 0 1 0 2 0 1 2 2 1 2 0 0 3 0 1 1 3 0 0 1 1 2 0 1 2 2 1 2 0 3 0 0 2 2 2 0 0 2 2 2 1 2 0 0 2 1 2 1 0 2 2 2 1
1 101 1 1 1 1 1 1 0 1 1 2 2 0 2 1 1 0 2 1 0 1 0 2 2 0 2 1 3 0 2 0 2 2 3 0 0 2 2 1 2 2 0 1 0 2 2 1 1 0 2 1 0 3 0 2 0 2 0 1 3 0 1 2 2 1 1 1 2 1 0 2 0 2 0 2 0 2 1 2 2 0 0 2 1 3 0 0 2 3 0 1 2 3 0 3 0 1 2 1 2 2 2
1 102 1 0 3 0 3 0 2 1 1 1 0 1 1 0 2 0 1 0 1 1 0 1 1 1 1 1 0 2 0 0 0 2 0 0 2 0 0 2 1 0 1 0 0 1 1 1 3 0 1 0 1 2 2 3 0 3 0 3 0 0 2 3 0 2 0 0 0 2 2 2 0 0 0 0 0 0 1 0 0 0 3 0 0 0 1 2 0 1 0 3 0 0 1 0 2 2 3 0 0 0 2 2
0 103 1 0 1 3 0 3 0 0 2 0 2 1 0 2 1 3 0 0 0 0 2 1 0 3 0 3 0 0 2 2 1 1 2 2 2 2 2 3 0 1 0 3 0 1 1 0 1 1 2 1 0 2 1 0 1 0 3 0 2 2 0 1 0 3 0 1 1 2 1 2 1 2 1 0 0 0 0 3 0 0 2 2 1 1 1 1 2 0 0 1 2 1 2 0 1 2 0 0 1 1 2 1 1
2 104 1 0 0 2 2 0 2 1 3 0 0 0 1 2 1 0 1 1 1 0 2 0 1 2 3 0 2 2 0 0 2 0 1 1 0 0 0 0 0 2 1 1 2 2 1 2 1 1 0 2 2 2 0 1 1 0 1 3 0 1 1 0 0 1 2 2 2 0 3 0 3 0 2 2 0 0 0 2 2 2 0 0 2 0 0 0 0 1 2 2 1 3 0 2 0 1 1 2 2 1 0 2 3 0
1 104 3 0 2 1 1 1 1 0 1 1 1 1 1 2 2 1 0 3 0 0 3 0 2 1 1 0 1 0 2 2 3 0 0 2 0 0 0 0 2 0 2 2 0 2 0 2 3 0 1 1 2 2 0 0 2 1 2 1 2 1 2 0 1 2 0 2 2 1 3 0 3 0 1 0 2 1 2 1 2 1 2 2 2 2 1 0 1 2 0 2 1 1 3 0 2 2 1 0 1 2 2 2 0 1
0 105 2 3 0 0 2 0 3 0 0 1 0 0 0 1 0 1 2 2 2 2 0 2 0 0 2 0 0 0 1 2 0 0 1 2 2 2 1 0 2 0 0 1 1 1 0 0 2 0 2 2 1 0 0 2 3 0 3 0 3 0 2 3 0 1 2 1 1 2 1 2 0 2 2 1 1 1 0 0 0 0 0 0 3 0 1 2 1 1 2 1 0 2 2 2 0 1 1 2 1 2 0 2 2 0 0
0 106 2 2 0 1 3 0 0 2 1 1 3 0 0 1 0 0 2 0 3 0 1 0 2 2 2 2 2 1 1 1 1 2 2 2 0 2 2 2 1 2 2 2 0 2 3 0 2 0 0 1 1 2 0 2 2 1 0 3 0 3 0 2 0 2 2 3 0 0 3 0 2 1 1 1 3 0 2 0 0 0 0 0 2 2 2 2 3 0 0 2 2 2 1 2 2 0 1 0 3 0 2 1 1 0 2 1
1 107 2 1 1 0 2 1 1 3 0 2 2 1 1 1 3 0 2 0 0 2 2 1 1 1 3 0 2 3 0 0 0 1 0 2 2 1 1 3 0 0 0 2 2 1 2 0 3 0 1 2 1 0 2 1 1 1 2 2 3 0 3 0 0 0 2 0 0 2 0 2 0 0 2 1 1 1 3 0 1 1 0 0 2 2 0 0 0 0 2 0 0 3 0 0 0 1 0 0 1 3 0 0 2 0 1 0 1
0 108 2 0 2 0 1 0 2 2 2 0 1 2 0 0 1 1 3 0 2 0 0 2 0 0 1 2 0 2 0 1 1 1 0 1 1 2 0 1 1 1 1 2 1 2 0 2 1 2 2 2 2 2 2 0 2 1 1 1 0 1 0 2 1 1 1 2 2 2 3 0 2 2 3 0 2 1 1 1 2 1 2 0 2 1 0 2 1 0 1 2 3 0 1 1 1 0 3 0 1 2 1 1 2 3 0 0 0 0
0 109 1 3 0 3 0 0 1 1 2 2 0 1 1 2 2 1 1 1 3 0 1 2 2 2 2 1 2 0 3 0 0 3 0 0 1 0 2 0 1 0 0 0 3 0 2 1 1 0 0 3 0 3 0 1 1 0 2 0 2 1 0 1 0 2 1 1 1 0 0 1 0 2 0 1 0 0 2 1 0 3 0 2 1 0 1 2 0 1 1 2 1 0 2 1 3 0 1 2 2 2 3 0 1 1 0 1 1 0 0
0 110 1 2 2 0 2 1 2 1 1 0 1 0 1 1 0 2 0 0 1 1 2 3 0 3 0 2 0 2 1 2 2 0 1 1 2 0 0 2 3 0 2 1 2 3 0 0 1 3 0 2 3 0 2 2 1 2 2 0 0 0 1 1 0 1 0 2 0 2 0 1 0 0 2 3 0 2 3 0 1 2 3 0 0 1 1 1 2 0 1 0 2 2 2 1 0 1 3 0 0 0 0 0 2 1 2 1 0 2 0 0
0 111 1 2 0 1 1 0 3 0 2 0 0 0 0 0 2 1 2 2 2 1 1 1 1 0 3 0 0 0 1 0 0 1 0 1 0 1 3 0 1 1 0 1 0 1 0 1 2 2 2 0 2 1 0 1 2 1 0 0 2 1 1 0 2 1 0 0 3 0 2 3 0 3 0 1 1 0 2 0 3 0 0 0 1 2 1 0 0 2 0 0 1 1 2 2 2 1 2 1 1 1 0 0 2 0 3 0 1 1 2 2 1
1 112 1 1 2 0 0 2 2 2 3 0 1 1 0 0 2 1 0 0 2 2 3 0 3 0 1 2 1 1 0 3 0 1 0 0 0 0 2 1 2 1 2 1 0 0 0 0 2 0 2 2 1 0 1 1 1 2 2 0 2 0 2 0 1 0 1 0 2 3 0 2 1 0 2 2 1 2 2 0 0 2 1 1 1 1 2 2 0 1 2 2 2 1 1 0 2 3 0 2 3 0 2 0 2 0 0 2 2 2 1 0 1 2
1 113 1 1 0 1 3 0 1 0 0 0 2 1 2 0 2 0 1 0 2 2 0 1 0 2 2 2 2 3 0 1 2 2 0 2 1 0 2 0 3 0 3 0 1 0 0 0 2 0 0 1 1 2 1 1 0 1 0 1 0 3 0 3 0 0 0 0 1 2 1 0 0 1 2 1 2 1 0 0 2 3 0 2 1 0 1 0 1 0 2 0 2 2 3 0 1 2 1 0 2 0 3 0 3 0 2 0 0 2 2 2 1 1 2
1 114 1 0 2 1 2 1 2 0 2 1 2 0 2 3 0 3 0 0 1 1 1 0 0 1 2 0 0 0 0 2 3 0 1 1 0 1 2 0 0 3 0 2 2 0 2 1 1 2 2 2 1 0 2 3 0 0 0 0 0 1 3 0 2 1 1 0 1 1 2 2 0 1 1 3 0 2 2 0 2 2 1 0 0 1 1 0 0 0 1 0 0 2 0 0 2 2 2 2 2 0 0 3 0 2 3 0 2 0 0 2 3 0 0 2
2 115 1 0 1 0 3 0 3 0 0 0 3 0 0 2 1 0 2 1 2 0 2 3 0 1 1 1 2 1 0 2 2 0 2 1 2 1 1 1 3 0 2 0 1 1 1 0 2 2 0 2 2 2 2 2 0 1 1 0 0 1 2 2 0 0 2 0 0 1 1 0 1 0 1 1 2 0 1 1 1 1 1 2 0 1 0 2 0 0 0 3 0 1 2 3 0 0 3 0 2 1 3 0 2 0 2 0 3 0 2 0 1 0 1 3 0
0 116 1 0 0 0 1 3 0 2 1 1 2 2 1 3 0 1 2 0 3 0 0 2 0 2 2 0 0 2 2 2 1 1 1 0 3 0 2 1 1 1 3 0 2 1 3 0 1 1 1 1 1 3 0 2 2 0 0 2 0 1 2 0 0 2 2 2 2 2 0 2 1 0 0 1 0 2 0 1 0 0 0 0 2 0 0 0 2 2 1 2 2 3 0 0 0 2 0 2 0 1 0 2 0 0 0 0 0 2 3 0 2 1 0 2 1 1
2 116 3 0 0 1 2 2 0 0 2 2 0 2 1 1 2 2 2 1 2 1 3 0 0 1 0 3 0 0 2 2 3 0 2 2 3 0 0 2 1 1 2 0 1 0 1 2 2 0 0 0 1 2 0 1 0 2 2 3 0 1 1 3 0 0 3 0 2 2 1 0 1 0 1 0 0 2 3 0 2 1 0 1 2 2 1 2 1 2 1 1 0 0 1 1 1 3 0 3 0 0 0 2 2 1 0 0 2 2 1 0 0 1 2 0 2 0
1 117 2 2 1 2 2 0 0 3 0 0 1 1 0 2 2 0 3 0 0 0 0 1 1 2 0 1 2 2 0 1 0 1 0 2 0 0 1 3 0 2 1 2 0 0 0 2 0 0 2 1 1 1 2 0 0 1 2 0 0 2 2 1 1 2 0 2 0 1 1 2 0 3 0 3 0 2 2 1 0 0 1 1 2 0 2 0 3 0 2 2 3 0 1 1 0 1 2 0 2 1 1 2 1 1 2 0 2 1 1 2 0 1 1 2 0 2 2
0 118 2 1 2 1 0 0 3 0 1 1 2 0 2 2 1 1 1 2 1 1 0 1 1 0 2 0 2 0 1 0 0 0 0 0 2 2 2 2 2 0 0 2 2 2 1 1 2 2 3 0 2 1 0 1 2 2 1 1 3 0 0 2 0 0 2 0 3 0 1 0 2 1 3 0 3 0 1 1 2 0 1 1 0 2 1 0 0 3 0 2 0 0 2 1 2 1 1 2 1 0 2 1 3 0 0 2 1 0 2 1 2 0 1 0 2 1 1 1
1 119 2 0 3 0 1 0 2 2 2 2 0 2 1 1 2 0 0 0 2 3 0 0 0 2 1 3 0 2 3 0 2 1 0 0 2 1 3 0 2 1 3 0 0 2 3 0 1 1 0 1 0 0 1 1 2 0 2 0 1 1 1 2 2 2 3 0 0 2 2 1 1 1 0 2 0 2 2 2 0 2 0 0 2 2 0 1 0 2 2 3 0 1 3 0 3 0 2 1 2 2 2 1 0 1 1 3 0 1 2 0 2 3 0 0 1 0 2 0 2
2 120 2 0 0 2 2 1 1 1 3 0 1 1 0 2 1 1 2 1 2 2 0 1 1 2 1 0 2 0 2 1 0 0 1 0 2 1 0 2 0 1 0 1 2 0 1 0 2 1 2 0 3 0 1 1 0 2 0 3 0 1 0 1 1 0 0 0 2 0 0 1 3 0 2 2 0 0 1 2 2 0 2 3 0 0 1 0 0 1 2 0 0 3 0 1 0 3 0 1 0 0 2 2 2 1 1 1 1 2 2 2 1 2 0 1 2 0 1 0 0 0
2 121 1 2 3 0 0 2 0 0 1 1 2 1 2 2 0 2 2 0 0 0 1 0 1 0 2 2 2 0 0 0 1 0 1 0 1 0 1 1 3 0 0 0 1 2 0 0 1 0 3 0 0 2 2 1 2 2 0 0 2 2 1 0 0 2 0 0 1 2 2 2 2 2 0 1 0 2 2 2 0 1 1 2 0 1 1 3 0 1 1 1 3 0 1 2 1 1 2 2 0 3 0 0 2 3 0 0 0 1 0 2 3 0 2 0 1 1 3 0 2 1 0
2 122 1 2 1 0 1 2 2 2 2 1 1 0 0 0 1 1 1 0 2 1 1 0 0 0 1 1 2 1 2 1 1 0 0 0 0 0 0 1 1 1 1 1 1 1 1 2 2 0 1 2 2 0 0 2 1 0 0 3 0 0 1 2 0 1 2 2 2 2 0 3 0 2 2 0 0 1 1 2 2 0 1 0 2 0 1 1 1 2 2 0 1 1 2 2 3 0 1 0 1 1 2 2 0 1 0 1 1 1 0 1 2 0 3 0 2 2 1 2 0 0 1 0
2 123 1 1 2 2 1 2 0 3 0 1 2 3 0 0 1 0 3 0 1 0 1 3 0 0 1 1 0 3 0 2 2 3 0 0 0 0 0 1 1 0 0 0 0 0 0 1 0 1 0 2 0 0 2 3 0 1 0 2 2 1 2 1 2 0 2 0 3 0 1 1 3 0 1 0 2 2 1 1 0 1 0 0 0 3 0 1 0 1 0 1 0 1 1 1 0 0 2 1 0 1 1 0 1 0 0 0 0 3 0 0 1 2 1 3 0 1 2 0 1 2 1 3 0
0 124 1 1 1 0 2 0 2 1 2 3 0 0 0 1 2 0 1 2 2 1 0 2 1 1 2 0 2 2 3 0 2 0 0 1 1 0 0 1 0 2 0 0 0 0 0 1 0 0 0 0 2 3 0 1 0 2 1 1 1 2 0 3 0 2 1 0 0 2 2 2 1 1 2 1 1 1 1 2 3 0 3 0 0 2 2 2 1 0 0 0 0 0 0 2 3 0 2 0 1 1 0 2 0 3 0 0 0 2 2 1 2 2 0 0 1 2 2 2 0 2 0 0 1 1
1 125 1 0 3 0 1 0 0 1 0 1 0 1 1 1 1 2 0 2 0 1 2 2 0 2 1 2 1 2 0 0 3 0 1 2 0 2 0 1 0 0 2 2 1 0 0 0 3 0 0 0 2 2 0 2 1 1 0 2 1 0 2 1 3 0 0 1 0 2 1 2 3 0 0 3 0 0 0 1 1 1 0 2 2 0 0 2 2 2 0 0 0 0 0 2 2 0 3 0 2 1 2 2 0 0 2 1 1 2 1 2 1 0 0 2 2 2 0 2 2 0 2 2 2 0 2
2 126 1 0 1 2 2 0 2 2 0 0 0 0 1 0 0 0 2 0 3 0 2 0 1 1 0 3 0 2 2 3 0 1 2 2 2 0 2 3 0 3 0 0 1 2 0 0 2 2 1 1 2 1 1 1 0 2 0 1 0 1 2 1 0 1 1 2 0 1 1 0 1 0 2 0 1 1 1 1 0 3 0 1 1 0 3 0 0 2 1 2 1 0 0 2 1 1 1 3 0 1 0 0 0 2 3 0 2 1 3 0 2 2 0 2 1 2 2 1 1 1 1 1 2 2 1 0
2 127 1 0 0 2 0 1 1 1 0 2 1 0 0 3 0 0 2 0 0 2 3 0 2 1 2 2 3 0 2 0 0 2 3 0 2 2 1 2 1 0 2 1 2 1 1 3 0 0 2 0 0 2 3 0 2 1 3 0 0 0 1 2 2 1 1 0 2 0 0 2 1 0 0 3 0 0 3 0 2 2 2 2 1 2 2 2 1 3 0 3 0 1 0 2 0 2 1 1 1 2 0 2 1 2 2 1 0 1 0 2 0 1 1 1 1 0 0 2 0 0 0 0 1 0 1 2 0
1 127 3 0 1 3 0 0 3 0 1 0 1 0 2 2 1 2 2 3 0 1 1 0 1 0 1 0 0 3 0 2 0 1 1 0 1 2 0 2 2 2 0 3 0 2 2 1 1 2 2 3 0 1 1 0 1 0 1 1 1 1 2 0 1 3 0 0 2 2 3 0 1 0 2 2 2 0 2 0 1 3 0 2 1 0 3 0 0 2 0 2 2 1 1 0 0 0 2 1 0 2 1 1 0 0 1 2 1 0 0 3 0 0 3 0 2 0 1 2 2 1 0 1 0 0 1 1 2
1 128 2 2 3 0 0 2 0 1 2 1 0 0 1 1 2 1 1 0 0 2 1 2 0 3 0 3 0 2 2 3 0 2 1 2 1 1 2 1 1 2 2 1 3 0 1 2 0 1 1 0 0 2 1 2 1 0 0 1 0 0 0 2 0 2 1 2 0 1 0 0 2 1 1 1 2 2 0 3 0 2 2 0 0 1 2 2 1 3 0 0 1 1 2 3 0 0 2 0 1 2 0 1 3 0 1 1 2 2 0 2 2 2 0 1 3 0 2 3 0 1 2 0 3 0 1 1 0 2
2 129 2 2 0 0 1 2 3 0 1 2 2 0 1 1 0 2 2 3 0 2 0 3 0 0 3 0 3 0 2 0 1 0 0 3 0 2 1 3 0 1 0 2 1 1 2 2 2 0 0 2 0 2 0 3 0 1 0 0 3 0 0 2 0 0 0 2 2 3 0 2 3 0 2 1 1 0 1 1 3 0 1 0 2 2 2 0 2 1 1 1 2 1 1 1 0 1 2 3 0 1 2 0 2 1 2 2 1 0 1 1 1 2 2 0 2 2 0 2 0 2 2 2 1 2 2 1 2 2 0
1 130 2 1 0 2 2 2 1 0 2 3 0 1 0 0 2 2 2 0 1 0 0 0 2 2 0 2 0 2 3 0 2 0 3 0 2 0 1 0 1 2 1 1 0 2 2 0 2 1 2 3 0 0 0 0 2 2 0 3 0 1 1 2 2 2 1 2 2 0 1 0 2 1 0 0 2 0 0 1 1 1 2 1 1 1 2 2 1 0 2 1 0 2 3 0 2 1 2 1 0 2 2 2 1 1 0 0 1 2 1 1 0 1 0 1 1 1 1 1 0 0 1 3 0 0 0 2 1 0 0 2
2 131 2 0 1 2 1 2 2 2 2 2 0 2 0 3 0 0 2 1 3 0 2 1 2 1 1 1 0 0 2 1 0 0 0 2 3 0 2 1 0 1 2 3 0 1 1 1 1 1 0 1 0 1 1 0 2 1 1 1 2 2 2 1 0 3 0 0 0 1 0 0 1 0 1 0 1 2 2 2 1 0 0 3 0 0 1 0 1 2 2 0 1 2 2 1 0 0 3 0 1 2 1 2 2 2 3 0 1 1 2 3 0 0 0 0 0 3 0 2 3 0 1 2 1 1 1 2 0 1 0 2 0
1 132 1 3 0 2 0 0 0 3 0 2 2 1 0 0 2 2 0 0 0 2 0 0 3 0 2 0 2 0 2 0 1 0 0 2 2 1 0 0 1 1 2 1 0 2 1 3 0 3 0 0 0 0 0 2 2 0 2 1 1 0 2 2 2 2 2 1 1 0 3 0 1 0 0 0 0 2 0 2 2 2 0 2 2 1 2 0 0 2 0 1 0 2 0 1 2 0 2 2 2 3 0 0 1 0 0 0 2 2 1 1 0 1 1 0 0 2 3 0 2 0 2 2 3 0 0 0 2 0 0 0 2 2
0 133 1 2 1 3 0 1 1 2 3 0 1 1 2 0 2 1 0 2 1 1 2 3 0 1 3 0 3 0 3 0 2 0 3 0 0 1 2 0 1 1 0 2 2 2 1 0 2 0 2 1 1 0 0 2 1 1 1 0 2 0 1 1 3 0 2 2 3 0 1 2 2 0 2 1 0 2 0 0 1 2 2 1 1 2 0 1 2 2 3 0 0 0 3 0 1 2 1 2 0 0 0 1 1 3 0 0 2 1 1 3 0 0 0 2 0 2 2 1 0 0 0 2 0 0 1 1 1 2 2 1 2 1 1
2 134 1 2 0 0 1 2 2 1 1 0 2 2 0 2 1 0 1 2 0 2 2 1 0 3 0 1 0 3 0 3 0 0 0 2 1 2 1 2 0 0 2 2 1 2 2 2 2 0 0 0 1 3 0 2 0 2 0 2 1 3 0 1 1 2 0 2 0 0 2 3 0 1 1 0 1 1 2 2 2 2 0 2 0 0 2 0 2 1 0 0 1 1 2 2 2 2 3 0 1 2 1 1 1 1 1 1 3 0 2 2 1 1 1 2 0 0 1 1 2 0 0 1 2 2 2 1 0 1 0 2 0 2 3 0
1 135 1 1 1 2 2 2 0 1 3 0 1 1 1 1 0 1 1 1 2 1 1 1 2 2 2 2 1 1 3 0 2 1 1 2 0 3 0 2 2 3 0 0 2 1 0 3 0 0 2 1 1 2 2 0 0 0 0 0 1 0 1 2 2 0 2 0 2 3 0 1 0 2 1 2 1 1 1 0 3 0 1 0 2 2 3 0 0 0 1 0 1 1 1 1 0 0 0 0 2 2 3 0 0 0 0 0 1 2 0 1 2 0 0 0 1 2 2 1 0 1 2 2 2 0 2 2 2 1 0 1 0 0 2 0 1
0 136 1 1 0 1 0 2 2 0 2 1 2 1 3 0 2 1 1 0 0 3 0 0 1 0 3 0 2 0 1 2 0 0 2 1 2 1 3 0 2 0 0 1 3 0 1 2 2 1 3 0 2 2 0 0 2 1 0 0 1 0 0 2 0 1 1 0 0 2 0 2 1 1 0 3 0 2 0 2 2 2 2 1 1 2 0 0 1 1 1 0 0 0 3 0 2 0 0 0 2 2 0 0 1 1 0 0 1 1 2 0 1 1 2 1 1 2 0 1 2 1 2 0 2 2 1 1 2 2 2 0 3 0 1 3 0 0
0 137 1 0 2 1 0 1 1 1 1 1 0 0 0 2 0 0 1 3 0 2 2 1 2 0 1 2 3 0 2 2 1 3 0 0 0 0 0 1 3 0 1 2 2 1 2 3 0 2 1 2 0 1 0 2 3 0 1 0 0 3 0 1 3 0 0 2 0 2 0 0 0 2 0 1 3 0 0 0 1 3 0 2 0 0 1 2 2 0 2 3 0 0 2 2 3 0 1 1 2 1 0 2 2 0 2 0 1 1 0 2 0 1 0 3 0 0 2 0 1 3 0 2 1 1 2 0 1 0 2 2 1 2 3 0 0 1 1
1 138 1 0 1 0 1 1 0 3 0 2 3 0 0 1 2 2 2 2 2 0 1 2 0 2 0 2 1 1 0 1 2 1 1 1 1 0 0 1 2 1 2 3 0 2 1 1 1 0 0 2 3 0 0 1 2 0 2 0 3 0 1 3 0 0 1 2 3 0 2 2 1 1 3 0 2 1 1 1 1 2 1 3 0 1 2 2 0 1 1 2 0 2 0 1 0 0 2 2 0 2 2 2 1 1 0 3 0 0 2 1 3 0 0 1 2 1 2 3 0 2 2 0 0 2 1 2 0 0 1 1 2 1 1 0 1 2 0 2
2 139 1 0 0 0 0 0 2 2 3 0 2 0 1 2 2 0 3 0 2 2 0 1 2 1 0 0 0 2 0 0 1 2 3 0 2 3 0 1 2 0 0 1 1 0 0 2 0 2 0 2 2 0 1 2 1 2 1 0 0 2 3 0 0 1 2 2 1 1 0 1 2 0 1 2 0 0 2 1 0 1 0 0 1 2 3 0 1 0 1 0 2 0 2 3 0 3 0 0 1 1 1 2 2 3 0 1 2 2 0 0 0 1 1 2 2 0 0 1 1 0 1 0 2 3 0 2 2 2 2 1 0 2 3 0 0 1 2 1 0
2 139 3 0 0 0 0 2 2 0 0 3 0 2 3 0 1 1 3 0 1 1 0 1 2 2 0 0 1 2 2 2 2 1 1 0 2 0 2 2 1 2 2 0 2 0 2 0 0 0 0 1 1 0 1 3 0 2 2 0 2 2 0 1 2 2 0 1 3 0 0 1 2 0 1 1 2 3 0 1 0 3 0 1 2 1 0 2 1 0 0 1 0 0 2 1 0 2 1 2 1 0 1 1 0 0 2 3 0 0 2 1 1 1 1 0 0 2 2 0 2 1 0 1 2 1 0 1 3 0 1 2 2 2 0 1 2 1 2 2 0
1 140 2 2 1 1 0 2 1 0 3 0 2 0 2 0 2 2 1 1 2 1 2 1 2 0 0 2 2 2 0 3 0 1 3 0 1 0 0 1 2 1 0 1 0 3 0 2 2 1 0 1 0 2 1 2 2 0 1 1 1 1 1 0 2 0 1 0 2 1 1 2 1 2 0 1 1 1 0 2 1 1 2 2 2 2 2 2 0 1 0 0 3 0 2 0 1 2 0 3 0 1 1 0 2 0 2 2 0 1 3 0 2 0 2 3 0 2 1 1 1 0 1 1 1 2 2 1 2 1 2 3 0 2 2 0 2 0 0 0 0 2
2 141 2 1 1 3 0 1 0 1 2 3 0 0 0 0 0 1 2 0 0 3 0 3 0 1 3 0 0 2 2 1 2 3 0 0 2 0 2 2 1 2 2 1 0 1 3 0 1 1 2 1 0 1 1 0 0 1 0 0 3 0 3 0 0 3 0 0 1 0 2 1 3 0 2 0 0 3 0 1 0 2 2 0 3 0 3 0 0 3 0 3 0 1 3 0 2 2 2 1 2 2 1 2 2 0 0 1 1 0 2 2 0 0 0 2 1 0 0 2 0 2 1 1 0 1 0 2 1 0 0 1 1 0 1 1 0 2 2 1 0 2 0
1 142 2 0 2 2 1 2 1 0 2 1 0 1 1 0 0 1 1 1 3 0 2 0 2 3 0 0 2 0 0 2 1 1 0 1 3 0 0 1 2 1 0 1 2 1 2 1 2 2 0 2 2 1 0 2 0 0 3 0 2 3 0 2 2 0 1 1 2 0 1 1 0 1 3 0 2 0 1 2 1 1 1 1 1 3 0 2 2 0 2 0 2 3 0 1 0 1 3 0 0 0 2 1 0 0 2 2 0 2 2 1 0 2 1 2 0 1 0 2 0 0 0 2 0 0 0 1 0 1 0 1 0 2 1 0 2 2 1 1 2 1 2 2
0 143 2 0 0 1 2 0 2 2 2 0 1 1 0 2 0 1 1 0 1 2 0 0 0 2 0 1 2 2 2 3 0 2 0 0 2 1 1 2 1 2 2 1 2 0 0 0 0 0 1 1 1 1 2 1 2 3 0 2 0 2 1 0 1 1 0 1 0 2 0 0 2 1 2 1 3 0 2 2 3 0 0 0 0 1 2 0 1 1 1 0 0 2 0 2 1 0 2 1 1 1 2 0 1 0 2 1 1 1 1 1 2 2 0 2 3 0 0 0 2 2 1 1 2 2 1 1 0 0 0 0 0 1 0 1 2 1 2 0 1 0 0 0 1
2 144 1 2 2 2 1 2 1 1 2 2 0 0 2 1 3 0 0 2 1 1 1 2 1 1 3 0 2 1 0 0 0 3 0 1 3 0 2 2 0 0 0 2 0 1 2 1 0 0 1 1 0 0 1 0 0 1 1 0 0 0 0 1 1 0 2 1 0 0 2 3 0 0 0 0 0 2 0 2 0 0 1 1 0 1 1 2 0 0 2 3 0 2 0 0 0 1 2 0 2 1 0 2 0 0 1 0 2 1 0 0 1 0 1 1 2 0 1 1 2 1 2 0 1 0 1 2 3 0 0 0 0 1 0 0 1 3 0 1 3 0 2 1 1 0
2 145 1 2 0 2 3 0 3 0 1 0 0 3 0 0 0 1 1 3 0 2 1 0 3 0 1 2 0 0 1 0 0 2 2 3 0 1 0 1 0 2 1 1 3 0 1 2 2 0 1 0 2 0 0 3 0 1 0 2 0 0 0 1 0 2 2 0 1 0 2 2 0 1 1 0 0 1 3 0 2 2 2 0 2 1 1 0 1 3 0 1 0 3 0 1 1 1 1 2 1 0 1 1 2 2 2 0 1 0 1 0 1 0 0 1 0 2 0 1 0 3 0 2 0 0 0 2 1 0 1 1 0 0 3 0 1 2 1 3 0 1 0 0 1 3 0
0 146 1 1 2 1 2 1 0 2 2 0 3 0 1 1 1 1 1 1 2 0 0 1 2 2 2 2 1 2 1 3 0 2 2 0 0 2 1 0 0 1 0 2 2 1 2 3 0 1 0 0 0 2 3 0 1 2 1 0 2 2 1 1 0 1 1 1 0 0 1 1 1 0 0 2 0 1 2 2 0 1 2 2 1 0 2 0 0 2 1 2 1 1 2 2 2 0 0 0 2 2 1 1 1 0 2 1 3 0 3 0 3 0 2 2 0 0 3 0 0 1 2 3 0 1 1 2 0 1 1 0 2 0 2 2 2 3 0 0 1 2 0 2 2 2 1 1
2 147 1 1 0 3 0 2 2 2 1 1 1 2 2 2 0 0 0 0 0 1 2 2 2 0 3 0 2 1 0 0 2 0 1 0 2 3 0 1 0 1 0 1 1 2 1 1 0 2 0 2 1 2 2 0 2 2 2 2 2 1 1 3 0 0 0 2 3 0 1 0 2 3 0 1 3 0 2 0 1 0 2 0 1 2 1 2 2 3 0 3 0 2 2 0 2 1 2 1 2 1 1 3 0 2 2 1 0 2 0 3 0 3 0 1 0 3 0 1 1 2 2 1 0 2 2 0 2 0 0 2 2 0 0 2 0 0 0 1 2 1 2 1 1 2 2 3 0
0 148 1 0 2 2 3 0 1 2 3 0 0 1 0 2 1 2 1 0 0 1 2 0 2 2 1 3 0 0 1 0 1 3 0 0 1 2 0 2 1 0 0 0 1 0 2 3 0 1 0 0 1 0 0 1 1 1 3 0 2 3 0 1 1 1 1 2 2 0 2 1 1 2 0 3 0 0 3 0 2 1 0 3 0 2 0 0 1 0 1 0 3 0 1 1 1 0 3 0 3 0 2 2 2 0 1 1 2 2 0 0 3 0 2 2 1 1 2 2 2 1 0 1 2 2 1 1 0 2 3 0 0 0 2 2 2 2 1 1 1 3 0 3 0 1 1 0 0 1
2 149 1 0 1 2 0 0 3 0 0 0 1 2 0 1 0 3 0 1 0 1 1 2 1 1 2 1 1 1 2 0 0 2 1 1 2 1 2 1 0 1 0 0 1 0 1 2 0 2 0 2 1 3 0 1 1 0 1 2 0 2 0 2 2 0 0 1 0 1 1 0 2 1 2 1 2 2 0 2 0 0 1 2 2 3 0 1 2 0 0 0 1 2 2 1 3 0 1 3 0 3 0 1 2 2 0 1 1 0 0 3 0 2 0 1 2 0 1 0 2 2 2 1 2 0 1 3 0 1 2 0 1 1 2 1 3 0 2 0 0 1 2 0 2 2 1 2 0 1 0
2 150 1 0 0 1 1 3 0 1 1 1 1 1 2 0 0 1 2 2 1 0 1 0 3 0 0 3 0 0 0 1 2 3 0 2 1 3 0 2 2 0 3 0 1 0 0 1 2 1 0 0 1 0 1 2 1 2 1 1 2 1 0 0 1 0 2 2 0 0 0 2 2 1 0 0 0 0 1 0 2 2 2 2 1 0 0 2 2 1 2 1 1 2 0 2 1 1 3 0 1 0 2 2 3 0 1 0 0 2 0 2 2 3 0 2 2 2 0 0 1 1 2 3 0 2 0 2 1 2 2 2 0 1 1 0 0 1 3 0 1 2 1 2 1 1 2 0 1 3 0 2
0 150 3 0 1 1 1 1 2 2 0 0 0 0 1 2 2 2 0 1 2 1 0 1 2 2 0 1 1 1 1 2 1 1 0 1 0 2 0 1 1 1 2 2 0 2 2 1 2 2 0 1 0 0 1 3 0 3 0 0 2 2 0 1 0 1 1 0 2 1 2 1 1 2 0 0 0 1 0 1 1 3 0 1 2 0 2 1 2 0 3 0 0 2 1 0 2 2 1 2 1 1 2 0 0 2 0 2 3 0 0 2 0 1 0 1 2 1 2 2 1 1 1 1 0 0 0 1 0 0 2 2 0 0 2 0 1 2 1 2 2 3 0 3 0 0 2 0 2 2 0 0
0 151 2 2 2 2 0 0 1 0 0 2 1 0 1 2 0 2 2 0 1 2 2 1 2 0 1 0 1 0 0 0 2 3 0 0 0 0 3 0 1 0 1 0 1 1 1 2 1 0 0 3 0 2 2 2 2 0 2 2 0 0 1 0 0 0 0 2 2 0 3 0 2 1 1 2 1 1 0 0 1 1 1 2 2 2 1 0 3 0 0 2 1 3 0 1 2 1 2 0 3 0 0 1 2 3 0 0 2 0 1 2 3 0 0 0 2 0 0 0 1 3 0 2 3 0 0 0 3 0 2 1 0 2 2 3 0 2 0 0 1 0 1 0 2 1 3 0 0 1 0 2 1
1 152 2 1 3 0 0 2 1 3 0 2 0 1 1 1 2 1 1 1 0 2 0 2 0 1 3 0 3 0 2 1 2 2 0 1 1 0 2 2 2 1 0 0 0 1 0 0 2 2 0 2 3 0 1 3 0 1 1 1 0 2 1 3 0 0 0 2 1 1 1 3 0 0 2 1 2 2 3 0 1 1 0 1 0 2 2 2 2 2 2 0 0 0 1 2 2 3 0 2 1 2 1 2 2 1 0 1 2 3 0 2 1 0 1 1 1 2 2 1 1 2 2 0 2 0 1 1 2 3 0 0 1 2 2 0 0 3 0 1 2 0 0 0 1 1 0 1 1 2 0 1 0 1
0 153 2 1 0 1 2 0 0 0 1 3 0 2 2 0 0 2 3 0 2 1 3 0 3 0 2 2 0 3 0 1 0 0 1 0 0 2 2 1 2 2 2 0 0 0 3 0 2 1 1 1 2 0 3 0 0 2 1 3 0 1 1 0 1 1 1 2 0 2 1 1 1 2 0 0 0 1 0 0 2 1 2 1 0 1 1 3 0 3 0 0 2 1 1 2 1 0 1 0 1 0 0 0 0 1 2 1 2 1 1 0 0 1 1 1 0 1 0 2 0 1 0 1 0 3 0 1 1 1 0 1 2 2 0 0 3 0 1 2 2 1 2 1 1 0 2 1 1 0 2 0 0 0 0
0 154 2 0 1 1 1 1 2 1 1 2 2 0 1 0 3 0 1 1 0 1 0 2 0 3 0 1 1 1 2 2 0 2 1 3 0 2 1 2 1 0 2 1 2 1 2 3 0 0 2 1 0 2 1 2 2 0 0 0 1 2 1 2 1 1 0 0 2 1 0 2 1 0 1 2 1 0 3 0 2 0 3 0 1 1 1 1 2 0 2 1 3 0 2 1 2 2 0 3 0 3 0 0 0 1 1 3 0 2 2 3 0 1 0 3 0 0 0 0 3 0 0 0 0 1 2 2 1 3 0 0 2 0 0 3 0 1 2 3 0 2 0 2 3 0 1 0 2 0 0 2 2 1 0 0
0 155 1 3 0 1 0 0 0 3 0 1 0 1 0 0 1 2 2 1 2 1 0 1 0 0 2 2 2 0 1 0 1 1 1 0 2 0 0 3 0 1 2 1 0 0 0 1 0 1 3 0 1 2 1 0 0 0 2 1 1 1 3 0 2 2 3 0 2 0 1 2 0 1 1 1 2 2 2 3 0 0 0 2 2 2 0 0 0 2 1 1 0 2 0 1 0 0 1 1 3 0 2 1 1 1 1 1 2 0 2 0 0 2 1 1 2 1 1 0 2 2 1 1 0 1 2 0 2 1 1 1 2 2 3 0 1 3 0 0 1 0 0 0 2 0 2 1 0 2 3 0 0 1 2 0 0
0 156 1 2 1 2 0 2 1 2 2 2 0 3 0 2 2 2 0 2 0 2 2 0 3 0 2 1 2 2 0 0 0 0 3 0 0 2 3 0 1 2 2 2 2 0 0 1 0 0 2 1 2 2 2 2 0 0 2 0 2 1 1 2 0 2 0 0 3 0 2 2 2 0 1 0 1 1 0 0 0 1 1 2 1 2 1 2 1 2 0 2 0 0 2 3 0 2 2 1 1 2 0 0 2 1 0 0 0 2 0 2 2 3 0 2 1 2 3 0 1 1 1 3 0 0 1 2 1 0 2 1 1 1 0 0 3 0 0 1 1 3 0 0 2 0 0 0 1 2 2 0 1 2 1 1 2 1
1 157 1 1 3 0 2 1 1 0 0 2 2 1 3 0 1 2 2 1 0 0 1 1 1 3 0 1 0 0 0 2 1 0 2 2 2 0 1 0 2 3 0 3 0 0 2 1 3 0 2 1 0 0 3 0 0 2 3 0 0 0 2 1 2 0 2 3 0 2 0 1 2 2 0 0 0 0 2 0 0 1 1 0 3 0 3 0 3 0 2 0 2 3 0 1 1 0 1 2 0 0 1 2 3 0 1 0 0 2 0 0 2 0 1 0 1 0 1 0 2 2 0 1 1 1 2 1 2 2 2 0 2 0 2 0 2 2 1 2 1 1 1 1 2 2 2 1 1 2 0 1 0 1 3 0 0 2 2
0 158 1 1 1 2 0 0 1 3 0 2 1 2 1 1 2 3 0 1 2 0 1 1 0 1 1 2 0 2 1 2 0 1 2 1 2 2 0 0 1 2 1 0 2 2 0 0 0 2 0 0 1 0 2 2 2 0 1 0 1 1 2 0 3 0 0 2 0 3 0 2 3 0 0 2 1 0 1 2 2 2 0 2 2 3 0 3 0 3 0 0 0 2 0 2 1 2 1 1 1 2 2 2 1 0 2 0 2 2 2 2 2 3 0 0 0 0 0 0 1 1 1 0 1 0 1 0 0 0 2 2 1 0 0 0 0 1 2 0 3 0 0 0 1 0 2 3 0 0 2 0 0 0 2 1 2 0 0 1
2 159 1 1 0 0 1 2 2 2 2 0 0 3 0 2 2 1 0 2 2 2 0 0 2 1 1 0 2 1 0 2 3 0 2 0 0 0 0 2 2 1 2 2 2 1 0 2 1 1 2 2 2 0 1 1 2 2 0 0 0 1 0 2 1 2 1 3 0 0 3 0 2 0 1 3 0 1 1 2 0 2 2 1 2 0 1 0 3 0 2 1 1 2 0 0 0 3 0 2 1 1 0 2 2 2 2 0 0 2 0 0 0 0 0 1 1 0 0 0 1 0 2 3 0 3 0 3 0 0 2 1 1 2 0 0 0 1 1 2 1 2 1 1 1 0 1 2 0 1 2 2 2 1 2 0 2 2 2 2 0
1 160 1 0 2 0 1 2 0 3 0 0 3 0 2 0 1 1 2 2 1 2 1 2 3 0 2 0 1 0 1 2 2 0 3 0 1 1 0 2 1 2 1 0 2 2 2 2 0 2 2 0 2 2 0 1 1 0 0 2 1 1 0 1 1 0 0 0 1 2 0 1 3 0 3 0 0 2 2 0 2 1 1 2 0 2 0 0 1 3 0 0 2 1 1 2 1 2 3 0 0 2 0 1 1 3 0 0 2 2 2 2 1 0 0 1 0 2 0 0 1 0 1 2 1 0 3 0 2 1 3 0 2 1 1 2 1 1 1 0 3 0 2 3 0 2 1 1 2 0 2 0 2 3 0 2 1 1 3 0 0 2
2 161 1 0 0 3 0 1 2 1 2 2 0 1 3 0 2 2 1 0 2 1 0 0 1 0 3 0 2 1 0 2 0 1 1 2 2 1 2 2 0 3 0 1 2 1 3 0 1 1 1 1 1 1 1 0 0 2 0 2 0 2 0 0 0 2 0 0 1 1 2 0 2 2 0 2 2 0 0 1 1 0 2 1 2 0 2 2 2 2 1 1 3 0 2 2 0 0 1 0 1 2 3 0 1 1 1 2 0 0 3 0 1 2 0 1 0 0 2 2 2 0 0 1 2 2 2 3 0 1 0 2 0 0 2 1 2 3 0 2 2 3 0 2 1 0 0 2 1 2 1 0 0 2 1 0 0 2 2 1 1 3 0
0 161 3 0 2 2 2 3 0 0 0 1 0 2 2 0 1 1 2 2 0 1 0 1 0 1 3 0 0 1 1 3 0 1 1 0 2 1 0 1 1 2 2 3 0 0 1 2 1 3 0 3 0 2 3 0 1 3 0 3 0 2 2 1 1 2 2 2 1 0 2 1 1 1 1 1 0 2 2 0 2 2 0 3 0 0 1 3 0 2 0 1 2 0 1 0 2 2 0 0 2 1 0 2 2 0 0 1 3 0 1 2 2 1 3 0 3 0 0 2 1 2 2 2 1 0 0 0 2 1 0 2 3 0 0 0 1 1 0 2 0 1 0 0 1 0 2 0 3 0 1 0 2 0 1 0 2 1 2 0 1 1 1
2 162 2 3 0 2 0 0 0 1 1 1 0 1 1 1 0 1 1 0 1 0 0 0 0 0 2 1 1 2 1 1 1 2 1 2 2 0 1 1 1 1 1 0 0 1 2 2 0 0 2 0 3 0 2 0 3 0 1 0 3 0 1 2 0 1 0 2 2 2 2 0 2 0 3 0 2 2 1 1 1 1 1 1 2 1 2 2 1 3 0 2 2 2 0 0 1 1 0 2 3 0 1 2 1 0 2 2 2 1 2 3 0 2 1 2 0 2 2 0 0 0 0 2 2 2 0 0 2 0 1 2 2 0 1 1 1 0 2 1 2 3 0 2 2 0 1 0 0 2 2 1 0 3 0 0 1 0 2 3 0 0 3 0
0 163 2 2 0 3 0 1 1 1 0 3 0 0 0 3 0 0 0 2 0 3 0 0 0 0 2 0 2 1 3 0 0 1 0 0 0 1 0 0 3 0 2 3 0 1 2 0 0 2 3 0 0 3 0 0 0 2 2 1 1 2 2 2 2 0 0 1 1 3 0 1 1 0 0 3 0 1 2 0 0 0 0 0 1 0 0 0 2 1 2 0 1 2 1 2 2 0 2 2 2 0 2 2 2 2 2 1 3 0 0 1 1 0 0 3 0 0 1 0 2 1 0 2 1 2 1 2 2 3 0 2 0 1 0 0 3 0 1 1 0 1 1 0 1 0 3 0 3 0 0 1 2 2 2 1 2 0 1 2 0 2 0 1 1
1 164 2 1 1 1 2 2 1 3 0 1 2 1 1 2 2 1 1 2 0 0 2 1 1 0 2 0 0 1 0 1 1 1 3 0 0 0 3 0 2 3 0 2 0 2 2 1 3 0 1 0 2 0 1 1 1 2 1 2 0 1 0 3 0 0 2 2 1 1 1 2 1 2 0 2 2 2 2 1 2 1 0 0 0 3 0 0 2 0 2 3 0 2 0 0 0 1 1 1 2 2 1 1 3 0 3 0 0 1 1 2 0 2 0 2 2 1 2 0 1 0 1 2 1 0 0 0 1 0 0 3 0 2 0 3 0 1 2 1 2 1 0 2 1 0 1 3 0 2 1 2 2 0 2 3 0 2 0 1 2 0 3 0 0 2
2 165 2 0 2 1 1 0 2 1 1 2 2 3 0 1 0 2 0 0 1 2 3 0 2 0 0 2 2 2 0 0 1 0 1 1 1 1 2 3 0 2 1 0 0 0 1 2 1 1 2 1 0 3 0 1 0 0 3 0 2 0 0 1 2 2 0 0 2 0 0 0 3 0 2 1 1 3 0 2 0 2 2 0 0 2 2 1 3 0 0 2 0 3 0 1 1 1 1 0 1 0 2 0 1 2 0 2 1 2 1 0 2 1 0 0 1 2 0 2 0 0 0 1 2 2 0 0 0 3 0 2 3 0 0 0 2 2 2 3 0 2 2 2 0 1 1 2 2 0 1 0 0 1 1 2 0 3 0 2 2 2 1 2 1 3 0
0 166 2 0 0 0 2 0 1 0 2 2 1 0 0 2 1 0 2 2 2 2 1 0 3 0 2 0 0 2 1 2 2 0 0 1 0 0 1 1 1 0 0 1 0 0 1 1 3 0 0 2 2 2 2 2 0 3 0 1 3 0 1 2 2 0 0 2 2 2 2 1 2 3 0 0 2 2 2 0 0 0 1 0 3 0 0 2 1 1 1 3 0 0 2 2 1 3 0 2 1 0 0 3 0 1 2 1 0 3 0 1 2 0 1 0 1 1 2 0 2 2 1 1 2 0 0 2 1 2 3 0 2 0 1 1 2 2 0 0 1 0 1 2 2 0 1 1 0 0 3 0 2 2 1 0 2 1 3 0 1 3 0 0 0 0 1 1
1 167 1 2 2 1 1 3 0 0 1 1 1 2 0 2 0 1 2 1 3 0 1 2 2 2 3 0 2 0 0 0 0 0 2 1 3 0 1 0 2 3 0 0 3 0 1 1 1 1 2 0 0 3 0 2 2 1 2 3 0 0 2 3 0 0 3 0 0 3 0 2 1 1 0 2 0 0 2 1 2 1 1 0 1 2 1 3 0 2 1 1 1 2 0 0 2 1 2 0 0 1 0 2 2 2 2 2 2 2 2 2 2 2 0 0 0 1 0 2 1 1 2 0 0 1 3 0 0 0 1 0 3 0 2 2 1 0 0 2 2 0 0 2 0 1 0 0 2 0 2 3 0 1 1 2 2 1 0 1 3 0 0 1 1 0 1 0 2
2 168 1 2 0 2 0 1 1 1 2 1 0 0 2 0 3 0 2 0 0 1 3 0 0 0 0 0 3 0 1 1 0 0 2 1 0 1 2 1 1 2 0 2 0 1 2 2 0 0 0 1 3 0 2 0 1 2 1 1 0 2 0 1 0 2 0 1 2 0 2 0 0 2 0 0 2 2 3 0 3 0 2 0 0 2 0 0 2 0 0 2 1 0 1 2 3 0 2 2 2 2 0 1 1 3 0 3 0 3 0 3 0 2 1 2 1 1 0 1 0 2 1 1 2 2 2 1 1 1 1 0 1 3 0 1 1 2 0 2 1 0 2 2 2 3 0 2 3 0 0 2 0 2 2 1 0 1 2 1 2 1 1 2 0 2 1 0 1 0
2 169 1 1 2 0 3 0 1 0 0 2 2 0 2 0 0 2 3 0 1 2 2 1 1 1 0 0 2 2 2 1 2 0 2 0 1 1 1 3 0 0 2 0 3 0 2 0 0 2 1 1 2 1 3 0 2 2 2 3 0 0 3 0 0 0 3 0 1 2 0 2 2 2 2 3 0 1 0 1 0 2 3 0 1 2 2 2 2 2 2 3 0 1 1 2 1 1 0 1 3 0 1 0 1 1 2 0 3 0 3 0 3 0 0 3 0 2 0 0 0 1 0 2 2 0 2 2 3 0 3 0 0 2 1 2 2 0 2 1 0 1 2 2 0 0 1 0 2 0 1 3 0 0 1 1 2 1 1 3 0 3 0 0 2 1 0 1 0 3 0
0 170 1 1 0 2 1 2 2 0 3 0 0 1 0 2 3 0 1 0 2 3 0 1 3 0 2 0 2 1 2 3 0 2 0 3 0 1 0 1 1 1 3 0 0 2 3 0 1 3 0 2 2 0 0 2 0 2 0 0 0 2 0 1 1 1 2 2 2 2 2 1 2 0 0 0 0 2 1 0 0 1 2 0 3 0 0 0 0 0 0 0 0 2 2 0 2 3 0 0 2 1 2 1 0 1 0 2 1 3 0 3 0 2 2 0 1 3 0 1 1 1 0 1 1 1 1 2 0 1 0 2 2 0 0 0 0 1 1 0 1 1 2 0 0 2 2 0 0 3 0 2 1 1 2 1 0 3 0 1 2 0 2 1 3 0 1 1 0 1 2 1
1 171 1 0 2 2 1 0 0 1 1 2 1 2 0 1 2 0 2 1 1 2 0 3 0 1 0 0 0 1 0 1 1 0 0 0 2 2 1 0 1 0 1 1 2 0 1 0 3 0 1 0 1 0 2 2 3 0 2 2 1 1 3 0 1 0 1 0 3 0 2 3 0 1 2 1 0 2 0 1 0 1 1 2 1 2 1 1 0 0 0 0 0 2 1 1 1 2 0 1 3 0 3 0 1 1 0 1 1 0 2 0 3 0 1 1 0 2 1 2 1 3 0 0 1 0 0 0 2 0 0 1 1 0 2 1 0 1 0 2 1 1 0 1 3 0 0 0 3 0 2 0 0 2 1 2 2 2 2 2 2 2 1 1 0 1 2 1 2 1 1 2 2
1 172 1 0 1 1 1 2 0 1 1 0 3 0 2 0 1 2 1 0 2 1 2 1 2 2 0 2 1 1 0 0 0 2 0 0 2 1 1 2 1 0 0 1 0 2 0 0 1 2 2 1 0 0 1 2 0 1 0 1 2 0 1 1 2 1 0 0 1 3 0 2 0 2 2 2 2 1 3 0 0 0 1 0 3 0 2 2 3 0 0 0 0 2 0 2 1 0 2 0 2 2 0 2 2 1 2 1 0 2 2 0 0 2 2 1 2 2 1 0 0 0 1 1 1 3 0 0 1 2 2 2 0 2 2 0 1 1 0 1 0 2 0 0 2 1 1 1 2 2 3 0 2 0 0 0 0 3 0 3 0 2 2 3 0 0 1 3 0 3 0 1 0 1
0 173 1 0 0 1 0 0 2 0 0 2 2 2 3 0 2 2 2 2 2 1 0 0 0 0 1 1 0 1 3 0 0 1 2 2 3 0 2 1 2 2 0 1 0 0 2 2 2 2 0 1 2 0 1 1 2 0 0 0 1 2 0 1 0 2 2 0 1 2 2 0 0 0 1 3 0 2 1 1 1 1 1 0 1 3 0 2 0 0 1 1 0 2 0 0 0 1 2 0 0 1 1 1 1 2 0 2 2 2 1 0 3 0 0 2 1 0 1 2 0 0 1 1 0 1 1 1 2 2 0 2 2 1 1 1 0 0 2 1 0 0 2 2 3 0 2 1 1 1 0 0 3 0 1 1 0 2 3 0 3 0 2 0 0 1 2 2 2 0 2 2 1 0 0
0 173 3 0 0 3 0 1 2 3 0 1 0 0 1 0 1 3 0 2 2 2 0 0 0 1 0 2 1 2 1 1 2 2 1 0 1 0 1 0 0 0 3 0 3 0 0 3 0 1 0 1 2 0 1 0 1 2 1 1 1 2 0 0 1 1 1 0 2 0 0 2 1 1 2 2 0 0 2 0 3 0 2 1 2 1 3 0 1 2 0 2 1 2 2 1 1 1 1 2 2 1 0 0 0 2 1 1 2 2 2 2 2 1 3 0 1 1 1 1 2 2 0 2 1 1 0 1 0 1 1 1 1 3 0 2 0 2 0 1 0 2 2 0 1 0 0 2 0 2 0 2 2 2 1 2 2 2 1 0 2 3 0 1 2 2 0 2 2 1 1 1 2 0 0
0 174 2 2 2 0 1 3 0 0 0 2 0 2 2 0 0 2 2 0 1 2 1 2 1 1 0 1 0 3 0 2 2 0 1 2 0 3 0 3 0 0 2 3 0 2 2 0 1 2 1 0 1 2 0 0 0 1 3 0 0 0 1 2 2 0 3 0 0 2 2 3 0 2 2 0 0 2 3 0 0 3 0 1 0 0 0 1 2 2 2 1 1 0 0 2 0 0 0 1 0 1 2 0 0 2 0 2 2 0 3 0 3 0 0 1 2 2 0 0 1 0 1 1 0 2 0 0 0 0 1 0 0 1 1 3 0 3 0 2 1 1 1 0 3 0 2 3 0 0 0 0 1 3 0 0 0 2 2 2 2 2 0 2 3 0 1 1 1 2 0 0 0 1 2 1
1 175 2 1 2 2 0 2 1 1 1 2 0 0 1 0 3 0 0 1 0 1 3 0 2 3 0 0 0 1 3 0 1 1 0 1 2 1 3 0 2 2 0 1 1 0 1 1 0 1 2 2 1 1 1 2 1 1 2 1 1 1 1 2 0 1 1 2 2 0 1 0 1 0 1 0 3 0 1 0 2 0 1 2 0 2 1 1 2 0 2 2 2 3 0 1 2 2 1 1 0 0 1 1 2 3 0 0 1 1 1 3 0 2 1 2 2 0 0 2 2 0 0 0 2 1 2 2 1 0 0 3 0 1 1 1 2 0 3 0 0 2 0 2 2 3 0 2 0 1 1 0 1 2 1 1 1 2 1 3 0 2 2 1 2 0 2 2 0 0 1 2 1 1 1 2 2
0 176 2 1 0 0 1 1 0 2 1 0 1 2 2 0 1 2 1 2 0 0 2 2 0 2 0 1 1 1 2 1 2 1 2 1 2 0 0 2 0 1 1 0 0 2 1 0 2 1 2 0 2 0 0 0 3 0 0 3 0 0 0 0 2 0 1 1 0 1 0 0 0 0 0 0 1 2 2 1 0 3 0 1 2 1 0 2 1 2 1 2 0 0 0 2 3 0 1 2 3 0 1 1 1 1 0 1 2 1 0 1 2 0 1 0 0 0 3 0 0 0 2 1 2 1 0 0 1 2 0 2 2 2 2 0 0 2 1 2 1 3 0 0 2 0 0 3 0 2 1 2 1 1 3 0 0 1 0 0 2 0 1 2 0 2 1 1 0 2 2 1 3 0 0 1 0 1
2 177 2 0 1 0 1 0 2 2 0 1 1 2 0 1 0 1 3 0 1 3 0 0 1 0 3 0 1 0 0 3 0 3 0 3 0 1 2 2 3 0 0 2 0 2 0 1 2 0 2 3 0 2 2 1 2 2 2 0 1 1 1 0 1 3 0 0 2 0 3 0 0 0 0 0 1 2 0 1 2 2 2 2 2 2 2 2 0 3 0 2 2 2 1 2 2 0 3 0 0 0 2 1 3 0 2 1 1 2 2 1 1 1 3 0 2 1 2 2 1 1 2 0 3 0 1 0 1 1 2 1 1 3 0 0 3 0 0 0 0 0 1 1 2 2 3 0 2 0 0 3 0 2 2 1 1 1 3 0 1 3 0 1 2 1 0 2 0 1 1 2 1 1 1 2 0 0 0
2 178 1 3 0 0 0 0 1 1 1 0 1 0 2 0 0 0 2 1 3 0 0 1 2 0 1 2 2 0 3 0 2 0 3 0 2 3 0 0 0 0 1 2 3 0 3 0 1 2 1 2 1 0 1 2 1 0 2 2 0 0 3 0 0 2 1 1 3 0 0 2 1 1 0 0 1 1 2 0 2 0 3 0 3 0 3 0 1 1 3 0 1 3 0 0 0 1 1 2 1 1 2 1 0 2 0 0 2 2 0 2 0 0 1 2 0 1 0 0 2 0 0 2 1 2 2 1 0 1 0 3 0 1 1 2 0 1 1 1 0 0 1 1 1 1 0 0 3 0 2 0 2 0 1 2 0 0 1 1 3 0 0 2 2 2 2 1 3 0 1 0 3 0 0 0 1 2 1 0
2 179 1 2 1 1 1 0 1 0 3 0 0 0 0 2 2 1 2 1 0 1 1 2 1 2 0 2 0 1 1 3 0 0 0 3 0 2 0 1 1 0 1 2 1 1 0 2 2 2 3 0 2 2 1 1 2 2 2 1 0 3 0 1 1 3 0 2 2 1 1 3 0 1 3 0 1 1 0 2 1 0 0 3 0 3 0 2 2 2 1 1 3 0 0 1 1 1 1 0 3 0 0 2 2 1 2 3 0 0 1 0 2 2 2 1 1 3 0 2 2 2 3 0 0 0 0 1 2 1 0 1 2 2 2 0 2 0 0 2 3 0 1 0 3 0 2 0 2 2 3 0 3 0 2 2 1 2 2 1 1 1 2 0 0 3 0 2 1 1 2 1 1 2 1 1 1 1 2 2 0
1 180 1 1 2 3 0 2 1 0 1 2 1 1 0 2 1 2 0 2 2 1 1 0 3 0 2 0 3 0 1 1 1 1 1 2 2 3 0 2 1 2 1 1 2 3 0 1 2 0 0 1 0 1 2 0 1 0 2 2 2 2 2 2 2 1 2 0 1 2 0 1 1 3 0 0 2 1 2 2 0 1 0 2 3 0 3 0 1 2 3 0 1 1 1 2 0 3 0 2 2 2 2 0 0 2 1 1 0 1 2 0 1 1 2 3 0 1 2 0 2 0 0 0 1 1 0 1 1 2 2 1 2 0 2 2 0 2 3 0 1 0 2 1 1 3 0 0 0 2 0 1 0 3 0 1 2 1 0 2 0 0 0 1 3 0 2 0 0 2 1 3 0 0 3 0 0 0 1 0 0 2
2 181 1 1 1 1 1 0 0 1 1 1 2 3 0 1 0 3 0 0 1 1 3 0 1 3 0 0 0 2 2 2 0 0 0 1 1 0 1 0 0 3 0 2 2 1 0 2 2 1 2 2 0 0 1 2 0 0 1 1 3 0 3 0 2 3 0 2 0 1 2 0 1 1 1 2 0 0 0 0 1 0 0 1 2 1 0 2 3 0 0 0 2 2 0 0 2 1 3 0 1 3 0 0 2 3 0 2 0 0 1 2 0 1 1 1 0 2 2 2 0 2 2 1 1 0 2 1 1 1 0 2 0 2 1 1 1 1 2 0 2 1 1 0 2 2 1 1 1 1 3 0 0 1 2 2 2 2 2 1 2 2 1 1 2 1 3 0 2 0 0 0 1 2 0 1 1 1 0 3 0 2 0
1 182 1 0 3 0 2 3 0 1 1 0 1 1 0 2 1 1 2 1 2 1 1 1 3 0 0 1 1 2 1 2 1 2 1 1 0 2 0 3 0 2 3 0 1 1 2 2 1 2 1 0 0 2 2 1 1 2 2 1 1 2 0 3 0 2 0 3 0 2 2 2 0 1 0 0 1 2 1 0 0 3 0 1 1 2 2 2 2 0 1 1 2 1 0 3 0 0 0 1 3 0 0 2 0 1 0 3 0 1 2 1 2 0 0 3 0 1 1 2 2 1 1 1 3 0 1 0 2 0 2 2 0 0 0 2 1 0 0 2 1 0 2 0 1 1 2 0 0 0 1 1 1 2 2 0 3 0 3 0 0 0 2 0 1 0 0 1 3 0 1 1 1 1 2 0 0 3 0 1 2 3 0 1
0 183 1 0 1 3 0 2 0 2 1 2 1 0 2 2 0 2 1 3 0 3 0 0 1 1 1 2 1 0 3 0 3 0 2 3 0 1 0 0 3 0 2 0 2 2 1 0 2 0 2 2 0 2 1 2 0 1 0 2 0 0 2 1 3 0 0 0 3 0 1 2 1 3 0 2 2 1 2 2 0 2 2 2 2 1 0 3 0 1 0 1 0 2 2 2 2 1 1 1 2 1 1 2 3 0 0 1 2 2 2 3 0 1 3 0 1 2 2 1 0 2 0 0 1 1 2 1 1 0 0 1 0 2 1 2 0 1 0 2 0 1 1 3 0 1 0 1 2 1 1 1 0 1 0 1 1 3 0 2 1 1 1 2 3 0 2 2 2 1 2 2 0 0 0 1 3 0 1 3 0 0 0 2 1
1 184 1 0 0 2 2 0 0 0 0 3 0 1 2 1 1 1 1 0 2 0 2 1 2 1 0 0 2 2 2 3 0 3 0 2 0 2 0 3 0 2 0 0 0 1 1 2 2 0 0 1 1 1 0 2 3 0 0 0 2 3 0 0 0 1 1 1 2 2 2 3 0 0 2 0 1 2 1 0 1 1 1 3 0 1 2 2 2 2 1 0 0 1 1 3 0 2 0 0 0 3 0 1 1 0 1 2 2 1 0 0 0 3 0 0 2 3 0 1 2 1 2 2 2 1 0 2 2 3 0 1 0 1 0 2 3 0 0 0 3 0 1 1 1 2 1 0 1 2 3 0 2 1 0 0 1 1 2 0 0 2 1 1 1 1 0 1 3 0 0 0 0 2 1 1 2 1 3 0 0 1 1 2 0 1
