361 5
0 1 0
0 1 1
0 1 2
1 2 1 0
1 2 2 0
1 3 1 1 3
0 3 3 1 1
0 4 1 2 1 2
1 5 1 0 4 0 3
1 5 2 1 4 0 2
0 6 1 1 0 3 0 0
0 7 1 0 1 1 1 1 1
0 7 2 0 3 0 2 0 1
1 8 1 0 0 1 2 0 1 3
0 8 2 0 0 3 2 0 1 1
0 9 1 1 4 0 2 1 0 0 1
0 9 3 1 3 0 0 1 0 0 2
1 10 1 3 0 0 1 1 2 0 1 0
1 11 1 1 0 1 2 0 2 1 4 0 3
1 11 3 0 0 0 3 1 1 0 3 0 2
0 12 1 1 1 1 1 2 1 2 1 2 0 0
0 13 1 0 2 0 2 0 4 0 4 0 3 0 0
0 13 2 1 0 0 0 0 4 0 4 0 1 1 1
0 14 1 0 1 0 0 0 1 4 0 3 1 4 0 1
1 14 2 0 2 0 0 1 1 3 0 3 0 2 1 3
0 15 1 2 0 1 3 1 3 1 1 0 2 0 1 0 1
1 15 3 2 0 1 2 0 1 1 2 0 4 0 2 0 2
0 16 1 3 1 0 0 3 0 3 0 3 1 4 0 0 0 0
0 17 1 1 1 1 0 1 2 0 2 0 3 0 2 1 1 0 0
0 17 3 0 2 0 0 0 3 1 0 0 2 0 0 1 2 0 0
0 18 1 1 2 0 1 1 1 2 1 0 0 4 0 1 0 3 0 0
0 19 1 0 2 2 0 0 2 0 3 2 0 1 3 1 3 1 1 1 1
0 19 2 1 1 0 3 2 0 0 3 1 0 1 2 0 1 1 3 0 1
1 20 1 0 1 2 1 3 0 4 0 1 1 1 0 3 0 3 1 0 1 3
0 21 1 0 0 1 0 0 1 0 3 1 4 0 1 1 2 0 2 1 1 1 1
0 21 2 0 0 2 0 0 2 1 3 0 2 1 4 0 3 1 0 1 3 0 1
1 21 4 0 1 1 4 0 0 0 1 0 1 0 3 0 2 1 1 1 0 1 3
0 22 1 3 2 0 0 2 1 1 0 2 0 2 1 2 0 0 1 3 0 0 1 1
0 23 1 1 2 0 3 2 0 1 2 1 0 0 0 1 4 0 1 1 0 1 2 0 1
1 23 3 0 3 1 3 1 0 0 3 2 0 0 1 1 2 1 4 0 0 0 3 0 2
0 24 1 2 0 3 0 1 1 0 1 3 0 3 1 3 1 0 0 2 1 1 1 2 0 0
0 25 1 0 3 1 1 1 4 0 0 1 1 0 3 0 1 1 0 1 0 1 3 0 3 0 0
0 25 2 1 2 1 3 1 2 1 2 0 1 1 1 1 4 0 0 0 0 1 1 0 1 1 1
0 26 1 1 0 0 0 1 2 0 1 4 0 3 0 2 1 2 1 1 0 1 0 1 0 3 0 1
1 27 1 0 1 0 0 0 3 2 0 1 3 0 2 0 0 2 0 1 2 0 2 0 2 1 1 1 3
0 27 2 0 2 0 0 1 3 1 0 1 0 2 0 1 2 2 0 0 3 1 0 0 0 1 3 1 1
0 27 4 0 4 0 1 1 1 1 1 0 0 2 0 1 0 0 4 0 1 1 0 0 1 1 1 1 2
1 28 1 4 0 3 1 4 0 2 0 1 0 1 1 4 0 4 0 2 1 3 2 0 0 3 0 2 0 3
0 29 1 1 3 0 3 0 2 2 0 1 3 0 3 1 3 0 4 0 1 0 2 0 4 0 1 0 0 0 2
1 29 3 1 1 0 2 0 1 1 0 1 1 0 3 0 1 0 3 1 3 1 0 0 3 1 3 0 0 1 0
1 30 1 2 1 2 0 4 0 3 0 0 0 1 1 1 1 3 1 3 0 1 1 0 1 3 0 0 1 1 2 0
1 31 1 0 4 0 3 1 4 0 1 1 1 0 3 0 2 1 2 0 0 1 4 0 0 1 0 1 2 0 2 1 3
0 31 2 1 4 0 3 0 2 1 4 0 1 1 2 0 0 1 4 0 1 1 2 1 2 0 0 0 3 1 1 0 1
0 32 1 1 0 3 0 2 0 1 0 2 1 4 0 3 0 1 1 2 1 4 0 4 0 3 0 0 1 2 1 2 0 2
1 33 1 0 1 1 1 2 0 1 3 1 1 0 3 0 1 2 0 0 0 0 3 0 4 0 1 1 2 0 4 0 3 1 0
1 33 2 0 3 0 2 2 0 1 1 1 2 1 1 2 0 0 3 1 0 1 2 0 3 1 4 0 3 1 4 0 2 1 0
1 34 1 0 0 2 0 1 1 0 0 2 0 4 0 2 1 4 0 1 1 1 0 3 1 3 0 3 0 3 0 3 0 0 1 0
1 34 2 0 0 4 0 2 2 0 1 0 0 4 0 1 0 2 1 4 0 1 1 3 0 1 0 2 0 2 0 1 1 1 2 0
1 35 1 1 4 0 3 0 1 0 4 0 4 0 2 1 3 1 1 0 2 2 0 0 0 1 3 0 4 0 4 0 3 0 2 1 3
0 35 3 1 3 0 1 1 3 1 4 0 4 0 1 0 1 1 2 1 1 0 3 1 1 1 1 0 4 0 4 0 2 0 1 0 1
1 36 1 3 0 0 2 0 0 2 0 3 0 3 1 3 0 3 0 4 0 1 1 2 1 3 0 1 1 4 0 3 2 0 1 3 0 2
0 37 1 1 0 1 2 1 3 2 0 0 2 0 3 0 1 0 2 0 3 2 0 0 0 0 0 2 0 0 3 0 3 1 0 1 1 0 0
0 37 3 0 0 1 0 0 2 0 3 2 0 0 1 1 3 1 0 0 3 0 3 1 0 0 1 1 4 0 1 0 2 1 1 0 1 0 0
0 38 1 1 1 1 2 0 1 0 0 3 0 3 1 3 1 1 1 0 1 2 0 2 1 0 0 3 1 2 1 3 1 0 1 2 0 2 0 0
0 39 1 0 2 0 2 1 4 0 4 0 1 0 3 0 1 1 3 0 0 0 3 1 0 1 0 1 3 0 0 0 1 1 1 0 3 0 4 0 0
0 39 2 1 0 0 1 0 3 0 3 1 3 1 1 2 0 0 0 1 1 1 2 1 1 0 0 1 0 1 1 0 3 0 1 1 2 0 3 1 1
0 40 1 0 1 0 0 2 1 2 0 3 0 1 1 3 1 3 1 1 0 2 0 4 0 1 0 1 0 0 0 1 1 1 1 4 0 3 1 2 1 2
1 40 2 0 2 0 1 0 2 0 0 1 2 0 0 2 0 1 1 2 1 0 0 3 1 3 0 2 0 0 0 3 0 2 1 3 0 2 2 0 2 0
1 41 1 2 0 2 0 0 0 1 3 1 3 1 3 1 4 0 3 0 3 2 0 1 3 0 0 2 0 1 1 1 2 0 1 0 1 0 1 1 0 1 3
0 41 3 2 0 1 3 1 1 1 2 0 2 0 2 0 3 0 2 0 3 1 0 1 0 1 2 2 0 0 2 0 3 0 2 0 2 0 3 0 0 1 1
0 42 1 3 1 0 1 1 1 3 0 3 1 0 0 0 0 2 0 0 0 2 1 1 0 0 1 0 0 3 2 0 0 2 0 0 0 0 0 1 1 2 0 1
1 43 1 1 1 1 1 0 2 1 1 0 2 1 0 0 0 0 4 0 0 1 0 1 2 0 0 2 0 1 3 0 3 1 4 0 0 0 0 0 3 0 3 0 2
0 43 3 0 2 0 1 1 0 1 2 1 0 1 0 0 0 1 3 1 2 0 0 0 3 0 1 2 0 1 1 0 3 0 2 1 1 0 0 1 2 0 2 0 0
0 44 1 1 2 0 1 4 0 0 0 3 2 0 2 0 0 1 1 1 1 4 0 0 1 1 2 0 1 0 0 1 1 2 0 0 1 2 0 1 0 3 0 4 0 0
0 45 1 0 2 2 0 1 2 1 1 1 3 1 0 1 3 1 3 0 2 1 2 1 2 0 2 1 4 0 3 1 3 0 3 0 1 0 3 0 2 1 2 0 3 1 1
0 45 2 1 1 1 0 0 4 0 2 1 1 1 1 1 2 0 1 0 0 2 0 2 0 0 1 0 3 0 3 0 1 0 1 1 3 1 2 0 0 2 0 0 2 1 2
1 46 1 0 1 2 2 0 1 4 0 0 1 3 0 2 0 3 0 2 0 1 2 0 1 3 1 2 1 2 0 1 1 3 0 3 1 1 1 4 0 1 1 3 2 0 2 0
1 47 1 0 0 1 0 1 0 1 2 1 2 1 1 0 0 0 1 2 0 2 0 1 0 1 1 2 0 1 4 0 3 1 1 0 2 1 3 1 2 2 0 0 2 1 0 1 3
0 47 2 0 1 0 0 0 0 0 4 0 4 0 1 0 0 0 3 2 0 2 0 0 0 0 2 2 0 1 3 0 2 1 2 1 1 0 2 0 0 0 3 2 0 1 1 1 1
0 47 4 0 2 0 0 0 0 1 4 0 3 1 3 0 0 1 3 1 0 1 3 1 0 1 1 1 0 1 1 0 0 2 0 1 2 0 4 0 0 1 3 1 0 0 2 0 1
1 48 1 3 2 0 1 1 0 1 1 3 0 3 0 0 1 2 1 1 1 1 1 1 1 1 0 2 0 0 0 1 0 1 2 0 0 3 1 3 1 2 1 1 1 0 0 4 0 2
0 49 1 1 2 1 0 0 1 0 3 1 1 0 1 1 2 0 4 0 2 0 2 0 2 0 1 0 4 0 0 0 2 0 3 1 4 0 2 0 1 2 0 1 2 2 0 1 4 0 0
0 49 3 0 3 2 0 0 2 1 2 1 2 0 3 0 3 1 3 2 0 2 0 2 0 1 3 1 3 1 1 1 0 0 3 0 2 2 0 2 0 1 0 1 0 1 0 1 2 1 1
0 50 1 2 0 3 0 3 2 0 2 0 2 0 0 2 0 3 0 2 1 0 2 0 2 0 1 2 0 1 1 2 2 0 1 2 0 1 1 0 2 0 0 0 0 0 0 0 0 4 0 1
1 51 1 0 3 1 2 0 3 1 0 2 0 1 3 2 0 0 2 0 0 1 1 2 0 2 0 0 3 0 3 1 0 1 0 0 3 0 3 0 0 1 3 1 0 0 0 0 0 1 3 1 3
0 51 2 1 2 2 0 0 2 1 1 2 0 1 2 0 3 1 4 0 1 0 2 2 0 1 4 0 1 0 2 1 0 2 0 1 2 0 1 1 2 1 1 1 0 0 0 0 1 1 2 0 1
1 52 1 1 0 0 0 3 2 0 1 3 2 0 0 3 1 3 0 2 1 3 1 1 1 0 1 2 1 3 1 0 1 1 2 0 0 3 0 3 0 4 0 1 2 0 0 0 0 3 0 3 0 2
0 53 1 0 1 0 0 1 3 1 0 1 2 0 4 0 2 0 1 0 1 0 1 1 3 0 0 1 0 0 1 1 1 0 2 1 4 0 1 0 2 0 3 2 0 0 3 1 0 1 2 0 2 0 0
0 53 2 0 2 0 1 1 1 1 1 0 3 1 3 2 0 1 3 0 2 0 3 1 0 1 1 2 0 0 3 0 1 1 1 0 2 1 3 1 0 0 3 0 4 0 1 1 1 0 3 0 4 0 0
0 53 4 0 4 0 3 0 2 0 1 1 3 0 2 1 0 1 1 0 0 0 2 1 1 0 2 1 4 0 0 1 4 0 1 1 1 0 1 1 0 1 2 0 3 1 4 0 1 1 2 0 3 1 1
0 54 1 4 0 4 0 1 2 0 2 0 0 1 0 0 1 1 0 1 0 0 1 0 1 2 1 1 0 2 1 2 1 2 1 4 0 1 0 3 0 0 0 3 1 3 0 2 1 4 0 3 1 2 1 2
1 55 1 1 3 0 3 2 0 1 0 1 3 1 2 0 1 0 1 0 2 0 1 0 0 0 4 0 1 1 1 0 0 0 0 0 2 1 3 1 1 1 1 1 3 0 1 0 1 0 3 0 2 2 0 2 0
1 55 3 1 1 0 3 1 0 0 0 1 1 1 4 0 2 0 2 0 4 0 2 0 0 1 3 1 4 0 1 0 0 0 0 1 1 0 1 1 3 0 2 1 0 1 3 0 2 1 2 0 1 1 0 1 3
0 56 1 2 1 2 1 2 1 0 0 1 0 2 1 3 0 0 0 0 0 3 2 0 1 2 1 2 0 2 1 3 0 0 0 1 0 1 0 3 1 1 0 0 1 1 1 1 0 0 1 4 0 3 0 0 1 1
0 57 1 0 4 0 4 0 3 2 0 0 2 1 1 0 0 1 1 0 0 1 3 1 0 0 4 0 3 1 1 0 0 1 1 0 2 0 2 1 2 1 2 0 1 0 2 0 1 0 1 1 3 0 1 1 2 0 1
1 57 2 1 4 0 4 0 3 0 3 2 0 1 2 0 1 0 1 0 1 1 1 1 0 1 4 0 2 1 2 0 1 0 1 1 0 0 0 2 0 1 4 0 2 0 4 0 2 0 3 1 0 1 4 0 3 0 2
0 58 1 1 0 3 0 4 0 2 0 3 1 0 0 3 0 2 0 2 0 3 0 2 0 0 1 3 0 0 1 4 0 2 0 2 2 0 0 1 2 0 1 3 0 0 0 4 0 0 0 2 1 1 1 3 0 2 0 0
0 59 1 0 1 1 2 0 4 0 0 0 2 1 0 1 2 0 0 0 0 0 1 2 0 1 2 1 0 1 2 1 3 0 0 0 1 0 3 1 3 2 0 1 0 1 1 1 3 1 1 1 0 1 3 1 0 2 0 1 1
0 59 2 0 3 0 3 1 3 1 1 1 0 1 1 0 3 0 0 0 0 0 3 2 0 0 4 0 0 1 0 0 0 1 1 0 2 1 3 0 2 1 0 0 0 0 2 1 1 1 3 0 0 1 1 1 1 2 0 0 1
0 60 1 0 0 2 0 3 0 1 1 3 0 0 0 1 1 1 1 1 0 0 1 3 0 4 0 2 1 1 2 0 0 1 0 1 1 1 0 1 0 0 1 0 0 0 1 0 1 3 1 0 1 2 0 2 0 2 1 3 1 2
1 60 2 0 1 0 0 1 2 0 0 0 1 1 0 3 0 2 0 1 0 1 1 1 0 4 0 0 1 3 1 3 1 2 0 3 0 1 0 2 0 0 2 0 0 1 0 0 1 1 1 1 0 3 1 0 0 1 0 1 2 0
1 61 1 1 4 0 3 1 3 1 3 1 1 0 1 1 1 2 0 1 3 0 3 0 1 1 3 1 2 1 2 0 1 2 0 0 1 1 3 0 4 0 1 1 3 1 2 0 1 0 2 0 1 1 2 1 0 0 2 0 3 1 3
0 61 3 1 3 0 3 0 2 0 1 1 2 0 3 0 2 2 0 1 1 0 1 2 0 0 1 2 0 1 4 0 3 1 3 1 3 1 1 0 3 2 0 0 1 1 4 0 2 0 4 0 3 0 3 2 0 1 0 0 3 0 1
1 62 1 3 0 1 0 1 2 0 1 4 0 3 1 2 0 1 1 0 0 1 0 3 1 3 1 3 2 0 1 3 0 3 0 2 0 1 1 2 1 3 0 3 1 3 1 3 0 0 0 4 0 2 0 3 0 4 0 4 0 0 1 3
0 63 1 1 0 1 3 0 3 2 0 1 3 0 2 1 4 0 2 2 0 0 2 1 3 0 2 0 2 1 0 1 1 0 1 2 0 2 0 0 0 0 1 0 3 0 2 0 0 1 1 1 4 0 0 0 2 0 4 0 3 1 2 1 1
0 63 3 0 0 1 1 0 3 1 0 1 1 0 1 0 3 0 1 0 4 0 0 0 1 0 0 0 0 1 1 0 1 0 3 2 0 1 3 1 0 0 2 1 1 2 0 1 2 0 2 1 2 1 1 1 0 0 4 0 2 2 0 1 2
1 64 1 1 1 2 0 1 1 2 1 1 0 1 0 2 1 1 1 3 1 3 1 1 0 2 0 0 0 1 0 1 0 2 1 3 1 0 1 1 1 0 1 0 1 3 2 0 0 3 1 0 2 0 1 2 2 0 1 4 0 1 1 0 0 3
0 65 1 0 2 0 3 0 3 0 4 0 1 0 2 1 0 1 3 1 2 0 1 1 2 0 4 0 0 0 2 0 2 1 1 0 1 1 1 0 2 0 0 0 0 1 2 0 4 0 1 1 1 2 0 1 0 1 0 1 2 1 3 2 0 1 2
1 65 2 1 0 0 2 0 2 0 3 1 3 1 0 1 1 1 1 1 4 0 3 0 3 1 3 1 1 1 0 0 0 1 2 0 3 0 1 0 4 0 0 0 1 0 3 1 3 1 4 0 2 2 0 0 0 0 0 1 0 0 2 1 0 0 3
0 66 1 0 1 0 1 0 0 0 0 3 0 1 1 1 0 2 0 2 1 3 0 2 0 3 0 1 1 2 2 0 0 1 0 3 1 1 1 3 1 3 1 1 0 2 1 3 0 2 0 3 0 1 0 3 1 0 0 0 2 0 1 0 1 0 1 2
1 66 2 0 2 0 2 0 0 0 1 1 1 4 0 1 1 0 0 1 0 1 0 0 0 1 2 0 0 0 0 3 1 2 1 2 1 3 1 2 0 1 1 2 1 1 0 1 0 0 0 1 1 3 1 2 1 0 0 1 2 0 0 0 0 0 0 3
0 67 1 2 0 2 0 1 3 1 1 0 2 1 2 1 3 2 0 0 2 0 2 0 0 0 3 1 3 1 0 1 3 0 0 0 0 0 1 1 4 0 3 0 4 0 1 0 2 0 0 0 3 1 1 2 0 1 0 0 3 1 3 1 0 0 0 1 2
1 67 3 2 0 2 0 1 1 1 2 1 1 0 0 0 2 0 3 1 4 0 4 0 0 1 3 0 1 1 1 1 0 1 1 0 0 0 3 1 3 0 2 0 3 1 3 0 4 0 0 1 2 1 3 1 4 0 4 0 2 0 1 1 0 0 1 0 3
0 68 1 3 1 0 2 0 0 2 0 4 0 1 0 0 1 0 0 3 0 3 0 3 1 2 1 0 1 4 0 2 0 0 0 1 0 0 1 3 0 1 0 0 0 3 0 1 0 3 1 2 1 0 0 2 0 3 0 3 2 0 1 3 2 0 0 2 1 2
1 69 1 1 1 1 1 1 3 2 0 0 3 1 3 0 0 2 0 1 2 0 2 0 2 2 0 1 1 1 2 2 0 1 1 0 2 0 1 1 0 1 3 0 0 1 1 1 3 1 2 2 0 1 0 1 0 0 2 0 3 1 0 1 2 0 3 2 0 2 0
1 69 3 0 2 0 2 1 2 0 4 0 2 0 0 1 2 2 0 0 3 1 0 0 1 1 0 0 2 1 0 1 0 0 1 0 4 0 3 0 0 1 0 1 2 0 2 1 2 0 0 0 4 0 4 0 3 2 0 0 2 1 1 0 3 1 3 1 0 1 3
0 70 1 2 0 0 0 0 2 0 0 3 2 0 1 2 1 0 0 4 0 1 1 0 0 2 2 0 1 0 1 0 2 0 0 2 1 4 0 1 1 2 0 0 0 3 1 0 1 4 0 0 1 4 0 4 0 3 0 3 2 0 1 2 1 3 0 1 1 1 1 1
0 71 1 0 3 0 0 0 1 1 4 0 2 1 0 0 3 2 0 1 3 1 3 2 0 1 1 1 0 0 0 0 0 1 4 0 0 0 2 1 4 0 3 0 0 1 2 1 1 1 2 1 2 1 3 0 4 0 2 0 3 1 0 1 0 0 0 1 4 0 2 0 1
1 71 2 1 1 1 1 0 3 1 3 0 0 1 0 1 3 1 0 1 2 0 2 1 0 0 1 2 0 0 0 0 1 1 2 1 1 1 1 0 3 0 1 1 2 0 4 0 2 1 0 0 0 0 1 0 4 0 0 0 2 1 0 2 0 0 1 1 2 2 0 1 3
0 72 1 0 1 3 0 1 1 3 0 0 1 2 0 0 1 1 1 1 0 3 1 0 1 0 0 3 1 3 1 0 0 3 0 4 0 2 0 1 1 1 1 4 0 3 1 4 0 0 1 0 0 0 0 2 1 3 1 1 1 0 1 1 1 3 1 3 1 0 1 0 1 1
0 73 1 0 0 1 0 2 0 0 0 1 2 0 3 0 1 0 2 0 1 1 2 1 0 2 0 1 3 0 1 1 0 1 2 0 3 2 0 1 4 0 2 1 3 0 3 0 2 1 1 2 0 0 0 1 1 0 1 1 3 0 0 0 2 1 2 0 1 1 1 0 0 0 1
0 73 2 0 1 0 0 1 3 1 1 0 3 1 1 1 3 0 4 0 3 0 4 0 0 2 0 1 0 1 4 0 0 0 3 1 3 1 0 1 3 0 1 0 1 0 2 0 0 1 3 1 3 1 1 0 1 0 3 1 0 1 1 1 0 1 4 0 3 0 1 0 0 0 2
1 73 4 0 2 0 1 1 1 1 2 1 2 1 3 1 1 0 4 0 2 0 3 1 2 2 0 0 0 1 2 1 1 1 3 0 1 1 1 1 0 1 3 0 2 0 4 0 1 1 2 0 1 1 2 0 2 1 2 1 1 0 2 0 0 1 3 0 1 1 3 0 0 1 0
1 74 1 3 2 0 1 4 0 2 1 0 0 0 0 1 1 2 1 4 0 0 0 3 0 0 0 3 1 1 0 4 0 2 1 0 1 4 0 2 0 0 1 1 0 0 0 3 1 4 0 3 0 3 0 3 1 0 2 0 1 2 0 4 0 1 1 0 2 0 0 0 1 1 2 0
1 75 1 1 2 1 0 1 3 0 0 1 0 0 0 0 3 1 0 0 2 1 1 1 1 1 1 1 2 1 2 1 4 0 0 1 1 1 2 2 0 1 2 0 1 0 0 1 3 0 3 0 2 0 2 0 2 1 1 2 0 0 3 1 3 1 4 0 0 1 3 1 1 0 2 1 3
0 75 3 0 4 0 0 1 0 1 1 2 0 0 0 1 2 1 0 1 0 1 3 0 2 0 2 1 0 0 0 0 2 1 2 0 2 1 0 1 0 0 3 0 2 0 1 1 1 0 2 0 0 0 0 0 0 1 3 1 4 0 2 0 2 0 2 1 2 1 1 1 2 1 1 0 1
0 76 1 2 0 3 1 2 0 0 0 2 1 3 1 1 0 4 0 0 0 0 1 1 0 0 0 0 1 0 0 0 1 0 2 0 0 0 1 0 2 0 1 1 2 0 1 4 0 1 0 4 0 0 0 0 0 1 1 2 0 3 0 0 0 0 0 0 2 0 1 3 0 4 0 1 0 2
1 77 1 0 3 1 2 1 4 0 0 1 1 0 1 1 2 1 3 1 1 0 1 0 1 0 0 0 0 2 0 0 1 0 0 1 3 1 1 0 0 2 0 0 2 2 0 1 2 1 3 1 3 1 1 0 0 0 3 0 3 1 1 1 1 0 0 0 1 2 0 1 1 0 3 1 3 1 0
1 77 2 1 3 0 0 0 2 1 2 0 1 0 3 1 0 0 1 1 2 0 2 0 2 0 0 0 1 1 3 1 2 0 1 1 1 1 2 0 1 1 4 0 0 1 0 1 0 0 2 0 1 1 2 0 0 1 2 0 2 1 3 0 1 0 0 0 3 2 0 0 1 1 3 0 1 1 0
1 78 1 1 0 0 1 1 1 0 1 4 0 2 1 2 1 0 0 3 0 3 0 4 0 4 0 0 0 3 1 1 1 4 0 3 0 2 0 3 0 3 1 2 1 1 2 0 2 0 0 4 0 3 0 3 0 1 0 3 1 1 0 0 1 3 0 0 1 3 0 3 1 3 1 0 1 3 2 0
1 79 1 0 1 0 1 0 2 0 0 1 3 0 0 2 0 1 0 1 2 0 2 0 4 0 3 1 1 1 2 1 3 1 3 0 2 0 0 0 2 0 2 2 0 1 3 2 0 1 4 0 3 0 2 0 1 1 3 1 2 1 2 0 1 1 0 1 2 1 1 0 3 0 1 1 1 1 2 0 3
0 79 2 0 2 0 2 0 4 0 1 1 0 1 2 2 0 0 0 0 3 1 0 0 4 0 2 1 3 1 0 0 2 0 0 2 0 1 1 1 0 0 1 1 0 1 2 1 0 1 3 0 1 2 0 2 0 0 1 2 0 1 4 0 3 0 0 0 4 0 1 1 1 1 4 0 2 0 3 1 2
1 80 1 0 0 0 0 0 0 3 1 4 0 0 1 0 0 3 1 0 1 2 1 0 1 4 0 1 0 1 1 0 0 4 0 1 2 0 0 1 2 0 0 3 0 0 0 4 0 0 1 0 2 0 1 0 1 3 1 3 2 0 1 3 0 1 1 1 1 3 1 4 0 2 1 3 0 0 0 2 2 0
1 80 2 0 0 0 0 0 1 3 0 2 1 1 2 0 1 2 1 1 0 4 0 0 1 2 1 3 0 2 2 0 1 3 2 0 0 3 1 3 1 4 0 0 1 1 1 3 1 2 0 0 2 0 0 0 1 2 0 2 1 0 1 0 1 4 0 2 1 2 0 3 0 1 0 0 1 1 1 1 0 3
0 81 1 1 3 1 0 0 1 1 1 0 0 1 3 2 0 0 4 0 1 1 3 1 2 1 0 0 1 0 1 1 0 1 2 0 4 0 2 0 2 0 2 1 2 0 2 1 1 1 4 0 1 1 3 1 1 0 3 1 0 1 1 0 0 1 3 0 0 2 0 0 1 1 3 0 1 0 2 0 1 1 2
1 81 3 1 1 1 0 0 3 0 1 0 1 1 2 0 4 0 2 2 0 0 1 2 0 1 0 0 2 0 3 0 0 0 3 1 4 0 0 0 0 0 0 2 0 0 0 1 3 1 2 2 0 0 1 1 2 1 2 1 1 0 1 0 1 1 0 1 2 1 3 1 3 1 0 1 3 0 4 0 3 0 3
1 82 1 2 1 2 2 0 1 1 1 3 0 3 0 3 1 4 0 1 0 3 1 3 1 4 0 3 2 0 0 1 1 1 1 3 0 2 1 1 0 0 0 1 1 3 1 1 1 2 0 0 0 3 1 3 0 4 0 4 0 1 0 2 0 3 0 0 1 0 0 2 0 1 1 1 1 1 0 4 0 2 0 2
0 83 1 1 0 0 0 1 0 0 2 1 1 0 2 0 3 0 2 1 3 1 3 0 2 0 3 0 3 0 3 1 3 0 2 1 1 0 0 1 2 0 0 0 3 1 1 1 3 0 3 0 0 1 3 0 1 0 4 0 3 1 3 1 0 0 1 1 1 2 0 0 4 0 3 0 2 0 1 1 4 0 0 0 0
0 83 2 2 0 0 0 2 0 1 0 1 2 1 0 0 2 0 1 0 2 0 1 0 0 0 2 0 2 0 3 0 1 0 0 1 2 0 1 0 3 0 0 1 2 1 3 1 1 0 1 1 2 1 0 1 3 1 4 0 3 0 1 1 0 0 3 0 2 1 4 0 3 0 1 2 0 2 0 0 2 1 1 0 0
0 84 1 1 0 3 1 1 2 0 0 0 0 3 2 0 0 4 0 2 0 4 0 2 0 0 1 0 0 0 0 1 1 3 0 1 0 3 0 2 1 1 1 2 1 0 0 1 1 2 0 3 0 4 0 0 1 2 0 3 0 1 1 3 2 0 1 2 0 1 0 3 0 1 2 0 1 0 1 3 2 0 1 2 0 0
0 85 1 0 1 1 2 1 3 1 3 1 0 1 3 0 4 0 3 0 0 0 3 2 0 1 1 2 0 0 0 0 3 1 0 1 3 1 2 0 0 1 3 0 3 2 0 0 3 0 3 1 2 0 3 1 2 0 3 1 1 2 0 0 2 1 0 0 3 0 2 1 1 2 0 1 0 0 0 1 2 1 0 0 3 0 0
0 85 2 0 3 1 0 0 2 0 1 1 1 1 1 0 4 0 1 1 1 1 3 1 0 0 2 1 3 1 0 1 2 1 1 1 1 1 4 0 1 1 1 0 3 0 4 0 1 0 2 2 0 0 2 2 0 0 2 1 3 1 3 2 0 1 0 1 2 0 0 1 3 1 4 0 3 1 1 0 3 2 0 1 1 1 1
0 86 1 0 0 2 1 0 0 4 0 3 0 2 0 1 1 3 1 4 0 2 1 1 1 0 1 1 0 1 1 1 0 4 0 2 0 2 1 2 1 4 0 1 1 2 0 3 1 3 1 1 0 4 0 0 0 4 0 0 0 2 0 2 1 0 0 0 0 3 0 1 1 2 0 3 0 2 1 2 1 3 1 0 0 2 0 1
1 86 2 0 1 0 1 0 1 4 0 1 2 0 2 0 0 2 0 3 0 0 1 3 0 0 0 1 0 3 0 1 1 4 0 0 0 1 0 0 0 2 1 4 0 3 1 3 0 1 1 2 1 3 1 1 1 3 1 1 1 0 0 0 1 0 0 0 1 1 1 4 0 3 1 2 0 1 0 0 0 1 1 0 0 4 0 2
0 87 1 2 0 0 0 0 0 1 2 2 0 1 0 1 3 2 0 0 1 1 2 1 0 1 1 0 2 1 1 2 0 0 2 1 1 0 2 0 0 1 1 0 3 0 3 0 0 2 0 0 0 0 1 1 3 1 1 1 2 2 0 0 0 2 0 0 1 0 2 1 3 0 2 1 4 0 2 0 0 0 2 2 0 1 4 0 0
0 87 3 1 3 1 0 0 1 1 0 1 0 0 0 1 2 0 3 1 3 0 4 0 0 0 1 1 0 1 3 1 3 2 0 1 2 0 4 0 1 0 1 1 2 0 1 1 2 1 3 1 0 0 3 1 1 1 3 1 0 0 3 1 1 1 3 1 2 1 1 0 1 0 1 0 2 2 0 1 1 1 1 1 0 1 2 1 1
0 88 1 3 0 1 1 0 0 2 2 0 2 0 0 1 0 3 1 3 0 1 0 3 1 1 0 3 0 0 1 2 0 2 1 0 0 3 1 3 1 3 0 3 0 3 0 3 1 0 0 1 1 0 1 2 1 3 1 1 1 0 1 2 1 3 1 1 2 0 1 2 0 2 0 2 1 1 1 0 0 2 0 2 0 0 0 4 0 1
1 89 1 1 0 1 3 2 0 1 1 1 0 1 3 1 2 1 3 0 0 1 3 1 2 1 2 1 1 1 2 0 3 1 0 1 0 1 3 0 2 0 1 0 2 0 2 0 2 1 0 0 3 0 0 1 0 0 1 1 3 0 0 1 0 0 1 1 3 2 0 0 3 1 0 0 0 1 2 2 0 0 4 0 4 0 0 1 3 1 3
0 89 3 0 0 1 2 1 0 0 2 0 0 1 2 0 0 0 0 1 2 1 1 2 0 2 0 1 3 0 3 1 2 1 1 0 0 1 0 2 0 1 3 1 0 0 0 0 0 1 0 1 1 1 1 2 0 0 3 1 0 1 1 2 0 0 3 1 2 0 4 0 1 1 0 0 1 1 0 0 4 0 3 0 3 1 2 1 2 0 1
1 90 1 1 1 2 0 3 2 0 0 4 0 1 0 3 0 0 0 1 0 4 0 2 2 0 2 0 1 1 0 2 2 0 1 2 0 1 0 0 2 0 1 1 1 0 0 0 0 1 0 0 0 2 0 2 1 4 0 1 1 1 0 2 1 4 0 1 2 0 0 3 1 3 2 0 0 2 2 0 1 4 0 2 0 2 2 0 1 4 0 2
0 91 1 0 2 0 3 1 3 0 4 0 2 1 3 1 1 1 1 0 2 1 4 0 1 1 0 2 0 0 1 1 1 1 0 0 3 0 2 0 1 2 0 0 1 2 0 0 0 0 2 0 0 1 0 0 1 0 2 1 4 0 1 1 1 0 2 2 0 0 4 0 2 0 2 0 4 0 0 1 0 1 3 0 0 0 1 1 0 1 3 0 0
0 91 2 1 0 0 3 0 1 0 4 0 1 0 1 1 3 0 1 1 1 0 2 1 4 0 0 1 3 1 3 0 1 2 0 1 1 2 0 2 0 0 3 1 3 1 3 1 0 0 4 0 0 2 0 0 2 1 1 0 2 1 4 0 1 1 1 0 4 0 3 0 0 0 0 0 3 1 2 0 0 1 0 1 1 0 3 0 0 1 0 1 1
0 92 1 0 1 0 1 1 1 3 1 3 1 3 0 3 1 0 1 4 0 1 1 1 0 2 1 2 1 2 0 0 2 0 1 0 0 2 2 0 1 4 0 2 0 2 0 1 1 0 1 3 1 2 1 3 2 0 1 2 1 1 0 2 1 4 0 1 1 4 0 1 1 1 0 0 1 2 1 4 0 1 0 0 0 1 1 1 1 2 0 0 0 1
0 93 1 0 0 0 0 0 2 1 2 0 2 0 1 0 2 1 1 1 2 1 4 0 1 1 0 2 0 1 4 0 1 1 4 0 4 0 0 1 0 1 2 2 0 2 0 1 4 0 0 1 2 0 0 0 2 1 0 0 4 0 1 1 1 0 2 2 0 0 2 1 4 0 1 0 1 1 0 0 2 1 3 0 0 0 3 0 2 0 3 0 0 0 2
1 93 2 0 0 0 0 1 0 1 4 0 4 0 2 1 0 1 3 1 0 0 2 1 4 0 0 2 0 1 2 2 0 0 3 0 3 1 2 0 0 1 0 1 0 2 0 1 2 1 2 0 3 0 0 1 0 1 0 1 3 1 4 0 1 1 1 0 4 0 0 0 2 1 3 0 2 2 0 1 1 0 0 1 1 1 2 0 0 0 1 1 1 1 0
1 93 4 0 0 0 1 0 0 1 3 0 4 0 0 1 1 1 1 1 0 1 1 0 2 1 2 2 0 1 0 0 4 0 1 0 2 1 4 0 1 0 0 0 0 2 0 0 4 0 3 1 1 1 2 0 0 0 0 1 2 0 2 1 4 0 1 1 3 1 1 1 1 0 1 0 1 1 0 0 1 0 1 0 2 0 3 0 0 0 3 0 1 2 0
1 94 1 3 1 1 0 2 0 1 1 1 0 3 1 2 0 2 0 2 0 0 0 1 1 1 0 0 0 4 0 4 0 2 1 3 1 1 0 2 1 3 0 0 0 1 1 4 0 3 0 2 1 3 0 3 0 0 0 1 0 3 1 1 0 2 2 0 0 1 1 3 0 1 0 2 0 2 2 0 0 2 0 2 1 0 0 1 1 1 1 1 2 0 0 3
0 95 1 1 1 1 2 0 4 0 3 0 1 1 2 1 4 0 4 0 4 0 0 0 3 0 1 0 0 1 4 0 4 0 1 0 1 1 2 1 1 0 0 1 1 0 3 1 3 0 2 0 1 0 1 0 1 1 1 0 2 1 2 1 2 1 1 0 3 1 3 1 0 1 3 1 0 0 1 0 3 2 0 0 0 1 0 0 3 0 2 0 2 1 4 0 1
1 95 3 0 2 0 3 1 4 0 1 2 0 0 0 0 3 0 4 0 3 1 1 1 1 1 3 0 1 1 3 0 3 1 3 0 3 0 4 0 1 0 1 0 1 1 3 0 0 2 0 1 3 0 2 0 3 0 1 1 0 2 0 2 0 1 2 1 3 0 1 1 1 1 1 1 0 0 2 1 3 0 3 1 0 2 0 1 2 0 0 0 1 0 2 1 3
0 96 1 2 0 0 0 3 0 2 2 0 0 3 1 0 1 2 0 4 0 2 1 3 0 2 1 0 2 0 0 1 0 3 0 1 0 2 0 3 1 3 0 2 0 3 1 0 1 2 2 0 1 1 0 0 0 1 1 4 0 0 2 0 2 0 1 0 0 0 1 4 0 2 0 1 2 0 1 1 0 1 0 2 1 1 2 0 0 3 0 0 0 2 1 1 0 1
0 97 1 0 3 0 0 1 2 0 1 0 4 0 1 1 1 0 3 1 4 0 1 0 1 0 0 1 1 1 3 1 2 1 1 1 3 1 0 0 3 0 1 0 0 0 2 1 1 1 0 1 0 0 1 0 0 0 3 1 2 1 2 2 0 1 4 0 3 1 1 1 2 2 0 2 0 1 0 0 1 0 2 1 0 1 3 1 4 0 0 1 1 1 0 1 2 0 2
1 97 2 1 1 1 2 0 3 0 2 1 3 1 4 0 1 1 3 0 2 1 3 0 2 0 1 0 2 1 1 2 0 1 3 1 1 1 0 1 1 1 3 0 0 1 0 1 2 2 0 2 0 0 2 0 0 1 3 0 0 0 0 1 0 1 3 0 2 1 3 1 0 1 0 1 4 0 3 1 2 1 0 1 1 1 2 0 2 1 2 0 2 0 0 0 3 1 0
1 98 1 0 1 3 0 3 1 2 0 1 0 2 0 2 2 0 0 1 0 1 0 0 2 0 1 3 1 0 1 3 2 0 1 1 1 3 0 0 0 2 1 0 1 2 0 0 1 0 1 0 1 3 1 4 0 1 1 0 1 1 0 1 0 0 1 1 0 1 0 1 1 1 0 0 1 3 0 2 2 0 1 1 0 2 0 3 1 0 1 4 0 4 0 0 1 2 1 0
1 99 1 0 0 1 1 0 2 1 4 0 2 1 0 0 1 0 3 1 2 0 2 0 1 2 0 1 1 1 1 1 2 1 0 0 2 1 0 1 1 1 0 1 1 0 3 0 1 0 0 0 0 1 2 0 2 1 4 0 0 0 1 0 2 0 1 0 1 0 2 0 3 0 1 0 1 1 1 0 1 1 0 0 1 1 0 0 2 1 1 1 3 0 3 1 2 0 3 2 0
1 99 2 0 1 0 1 1 1 0 3 0 0 1 0 0 2 1 2 1 4 0 4 0 3 2 0 0 2 0 2 0 3 2 0 1 0 1 1 0 2 0 0 0 1 1 1 1 3 0 0 0 1 0 3 1 1 0 2 1 1 0 2 0 4 0 2 0 2 1 0 0 1 1 3 0 3 0 1 0 2 2 0 0 2 2 0 1 0 1 3 1 1 0 2 2 0 0 3 0 3
0 99 4 0 2 0 3 0 1 1 1 1 1 2 0 1 1 0 0 0 3 0 4 0 3 0 3 2 0 0 0 0 3 1 0 0 0 0 1 0 4 0 0 0 3 0 2 1 0 1 1 0 2 1 2 1 2 1 0 1 2 1 0 0 4 0 0 0 0 1 0 0 3 1 1 0 1 1 3 1 1 0 4 0 0 1 0 0 0 1 1 1 2 1 1 0 4 0 1 0 2
1 100 1 4 0 0 0 1 1 4 0 2 0 2 2 0 0 1 0 0 1 2 0 4 0 2 0 3 0 3 1 0 1 2 1 0 0 0 0 2 1 3 1 1 1 2 0 0 1 1 0 1 1 0 2 0 2 0 1 1 0 3 2 0 1 3 1 1 0 0 2 0 1 2 1 2 0 3 1 1 1 2 1 3 1 1 2 0 0 1 0 2 0 4 0 1 1 3 1 3 1 0
1 101 1 1 2 1 1 0 3 1 3 0 0 0 1 0 3 1 2 0 1 0 3 1 4 0 0 0 2 0 2 1 1 0 3 2 0 0 0 1 1 0 1 1 3 0 3 0 1 0 1 0 3 0 0 2 0 2 0 0 1 1 3 1 0 1 1 1 2 0 1 2 0 0 4 0 3 1 2 1 3 1 0 0 1 1 3 1 3 1 2 1 0 0 3 2 0 0 2 0 1 1 0
1 101 3 0 4 0 1 1 3 0 0 1 1 0 2 1 2 1 4 0 2 1 3 0 2 1 1 1 0 0 0 1 2 1 3 0 3 1 1 0 1 0 3 1 1 0 1 1 3 0 2 1 1 1 2 2 0 1 3 1 3 1 1 1 1 0 2 0 3 0 3 1 4 0 3 0 3 0 0 0 1 1 0 0 3 1 2 0 1 2 0 1 0 1 3 0 3 1 4 0 2 2 0
1 102 1 2 0 3 2 0 0 0 1 2 0 1 1 1 0 0 0 3 0 1 0 1 0 0 1 2 2 0 0 1 1 0 0 1 0 2 1 2 0 2 1 2 1 2 0 3 1 1 0 0 1 3 1 0 1 0 1 2 0 1 1 3 0 1 1 0 0 2 0 3 0 3 0 2 0 1 1 1 0 2 2 0 1 2 1 4 0 3 2 0 0 0 1 1 0 3 0 3 0 1 0 3
0 103 1 0 3 1 3 0 3 1 1 0 3 0 3 0 1 0 0 1 1 1 3 0 2 0 1 1 0 0 3 1 2 2 0 0 2 1 0 2 0 0 0 2 0 2 0 0 2 1 2 0 1 1 1 1 1 0 0 0 3 0 3 1 0 1 3 2 0 1 0 0 2 0 1 2 0 1 4 0 1 1 1 1 0 1 0 0 3 0 3 0 3 1 1 0 1 1 2 0 1 1 3 1 2
1 103 2 1 3 0 1 0 2 1 2 1 2 0 1 1 3 0 1 0 2 1 0 2 0 1 3 2 0 1 3 0 0 0 3 2 0 1 1 1 3 1 1 2 0 1 3 2 0 1 4 0 3 0 2 0 1 0 0 1 2 0 2 1 1 1 2 0 4 0 3 1 4 0 3 2 0 1 2 1 4 0 1 2 0 2 0 1 2 0 2 0 2 1 2 0 3 0 3 0 3 1 1 2 0
1 104 1 1 0 0 1 3 1 0 2 0 1 4 0 3 1 0 1 3 1 0 1 1 2 0 1 2 1 0 1 0 1 1 1 3 1 0 0 2 1 1 1 3 2 0 1 2 1 0 1 3 0 1 2 0 1 3 0 1 0 3 1 0 1 3 0 3 1 4 0 3 0 3 0 3 1 0 1 0 0 2 2 0 1 0 2 0 0 3 1 0 0 0 2 0 0 2 0 2 0 2 1 3 1 3
0 105 1 0 1 0 1 1 1 1 1 2 0 1 3 0 2 1 1 1 1 1 1 0 2 2 0 0 4 0 0 0 0 0 2 1 1 1 0 1 0 1 3 1 2 1 0 0 4 0 0 1 0 2 0 1 0 1 0 1 3 1 2 1 1 1 1 0 3 0 3 0 2 0 2 0 2 1 0 2 0 1 1 1 0 0 0 1 4 0 1 1 0 0 1 1 3 2 0 0 0 0 1 0 2 0 1
1 105 2 0 2 0 3 0 2 0 2 2 0 1 1 0 0 1 3 0 2 0 1 1 1 0 4 0 2 1 1 0 0 1 0 1 3 0 0 0 0 1 1 2 0 1 0 1 3 1 2 0 0 2 0 0 0 0 0 1 1 2 0 1 3 0 1 1 2 0 2 0 0 0 0 0 0 1 1 2 0 0 1 2 0 0 1 1 2 1 3 2 0 0 3 1 2 0 3 1 0 0 2 0 4 0 2
0 106 1 0 0 0 0 2 0 0 0 1 1 0 0 1 0 1 1 0 2 0 1 4 0 1 1 4 0 0 1 2 0 1 0 0 1 0 1 1 0 1 0 2 2 0 0 0 1 1 1 4 0 1 1 3 1 0 0 1 0 2 2 0 1 0 1 4 0 3 0 4 0 0 0 0 0 1 0 2 1 3 1 3 1 3 1 3 1 0 0 2 0 4 0 1 2 0 0 2 1 0 1 0 0 4 0 0
0 106 2 0 0 0 0 4 0 0 0 2 2 0 0 2 0 3 0 0 2 0 1 2 2 0 0 2 1 2 0 3 0 2 0 1 0 0 0 1 0 2 1 1 0 3 1 1 0 2 1 2 2 0 0 1 1 0 0 2 1 1 1 0 0 0 1 3 0 2 0 3 1 1 0 0 0 2 1 1 0 2 0 2 0 2 0 1 1 0 1 0 0 3 2 0 0 3 2 0 1 0 2 0 1 3 1 1
0 107 1 1 3 1 0 1 3 1 1 1 1 0 3 2 0 0 1 1 2 2 0 1 0 0 3 2 0 2 0 0 1 2 0 1 3 0 0 0 2 1 0 1 2 1 2 1 2 1 1 0 0 0 3 1 2 2 0 1 0 1 2 2 0 0 1 1 1 0 0 0 2 1 2 0 0 1 0 1 2 0 4 0 4 0 4 0 2 2 0 2 0 1 3 0 4 0 2 1 0 0 0 2 0 1 1 1 2
1 107 3 1 1 1 1 1 1 1 3 0 1 1 3 0 3 1 3 1 0 0 4 0 4 0 2 1 0 1 3 1 3 2 0 1 0 1 1 1 0 1 1 0 4 0 4 0 4 0 1 0 0 1 3 0 0 1 0 0 0 1 0 0 3 1 3 0 1 0 0 1 0 1 4 0 1 0 0 0 3 1 4 0 4 0 4 0 1 1 0 2 0 1 1 0 4 0 0 1 0 0 1 2 0 0 2 0 3
0 108 1 2 1 3 0 2 0 2 1 0 2 0 0 1 0 3 0 1 1 0 1 4 0 4 0 0 1 1 1 2 0 2 1 0 0 0 0 2 0 0 0 1 1 4 0 4 0 3 1 3 0 1 1 0 1 1 2 0 0 0 2 0 1 3 0 0 1 3 0 1 0 0 1 2 1 3 0 0 1 3 0 3 0 4 0 3 1 4 0 0 2 0 0 1 1 3 1 1 2 0 0 3 1 3 2 0 0 2
1 109 1 1 0 0 1 0 0 0 0 1 1 1 3 1 2 1 1 1 4 0 0 1 3 0 3 1 2 0 2 0 3 1 0 1 0 0 0 0 4 0 0 0 3 1 3 0 4 0 3 0 0 1 4 0 0 0 2 1 3 1 1 2 0 1 0 1 2 1 0 1 3 0 1 1 0 0 0 1 2 1 1 0 2 0 4 0 3 0 2 1 2 1 3 1 3 1 1 1 3 1 4 0 2 0 2 0 3 2 0
1 109 2 2 0 0 2 0 0 0 1 0 2 1 1 2 0 1 3 1 2 1 2 1 1 0 2 2 0 0 0 0 2 1 0 2 0 0 0 1 3 1 1 1 3 0 1 0 4 0 1 1 2 1 2 1 1 1 1 0 1 1 3 2 0 0 0 0 4 0 0 1 0 1 3 2 0 0 1 0 4 0 1 1 0 0 4 0 2 0 1 0 0 0 2 0 1 1 3 1 2 0 3 0 0 0 0 0 3 0 3
0 110 1 1 0 3 1 4 0 0 0 2 1 0 1 3 2 0 1 1 2 0 2 0 1 2 1 1 0 3 1 0 1 0 1 1 1 3 1 1 1 1 1 3 1 0 1 3 1 3 1 4 0 4 0 4 0 2 0 1 0 3 1 2 0 3 1 0 1 3 1 2 0 0 1 2 0 3 1 2 1 3 1 3 2 0 1 3 2 0 1 3 0 0 0 4 0 3 1 1 2 0 0 1 1 1 0 0 1 2 0 2
1 111 1 0 1 1 3 0 2 1 1 1 0 1 1 1 2 1 0 0 2 2 0 2 0 0 4 0 1 1 2 1 1 0 0 0 2 1 1 1 3 0 2 1 1 1 1 1 2 0 2 0 3 0 4 0 3 2 0 1 3 1 2 2 0 0 2 1 1 1 1 1 4 0 1 0 3 1 3 0 0 0 2 0 2 1 0 1 2 1 0 1 0 1 1 1 4 0 2 1 3 1 3 1 3 0 1 0 1 0 3 1 0
1 111 2 0 3 1 1 0 0 1 3 0 0 0 2 0 3 2 0 1 1 1 0 1 4 0 2 1 4 0 4 0 1 0 0 1 0 1 3 1 1 0 0 1 3 0 2 0 3 1 0 0 2 0 4 0 3 1 0 1 2 0 0 0 3 2 0 1 3 0 2 1 2 1 3 1 3 0 0 1 1 1 0 0 0 1 1 0 4 0 0 0 0 0 2 1 3 0 1 0 2 0 2 0 0 1 3 0 2 1 2 1 0
1 112 1 0 0 2 1 2 0 1 1 0 1 1 1 0 0 3 1 0 0 2 0 0 1 3 0 1 0 3 0 3 1 3 0 1 0 0 1 1 1 2 0 1 1 1 0 0 0 2 1 0 1 0 0 4 0 2 1 1 0 3 0 0 1 3 1 0 1 1 0 1 0 0 0 2 0 0 1 2 0 1 2 0 0 1 0 1 1 3 1 1 0 0 1 1 0 0 1 3 0 4 0 4 0 1 1 1 0 0 2 0 1 0
1 112 2 0 1 0 1 4 0 3 0 0 0 1 2 0 1 2 1 0 0 4 0 1 1 0 1 3 1 2 0 3 0 0 1 3 0 1 0 2 0 3 0 3 0 1 0 0 1 0 1 0 2 0 1 4 0 0 1 2 1 1 1 2 1 1 1 1 0 1 0 2 0 0 0 4 0 1 0 3 0 3 1 3 1 2 0 3 1 1 1 2 0 1 0 1 0 1 1 1 0 4 0 3 1 4 0 1 0 1 1 4 0 3
1 113 1 2 0 0 0 1 3 0 1 1 1 0 3 2 0 0 3 2 0 1 3 1 4 0 0 1 1 2 0 0 1 1 2 1 0 1 3 1 0 0 2 0 1 1 3 0 1 0 0 0 0 2 0 1 2 1 2 0 4 0 2 0 4 0 2 0 1 0 2 0 4 0 0 1 3 1 3 1 2 0 3 0 1 2 0 0 2 1 3 0 3 0 2 0 2 0 3 0 1 1 4 0 3 0 2 1 3 0 3 1 3 0 2
0 113 3 1 3 1 1 1 0 1 4 0 1 1 3 0 4 0 2 1 0 1 2 0 2 1 2 0 2 1 3 1 3 0 4 0 0 1 1 1 0 0 4 0 3 1 0 1 3 0 0 0 1 2 0 0 4 0 3 1 4 0 0 0 3 2 0 1 3 1 0 0 3 1 2 1 2 0 1 2 0 0 1 2 0 0 4 0 0 0 1 0 2 0 0 0 0 0 1 2 0 0 3 0 2 0 1 0 1 0 3 0 1 0 0
0 114 1 3 0 1 1 3 0 0 1 2 2 0 0 1 0 4 0 0 1 1 0 3 1 0 2 0 0 1 0 2 0 1 0 3 1 2 0 1 2 0 1 4 0 2 1 1 1 0 1 1 0 3 1 4 0 3 0 3 0 2 1 1 1 3 1 0 1 1 1 0 1 2 2 0 1 4 0 3 1 3 1 3 1 4 0 2 1 1 0 2 0 4 0 0 0 0 0 3 1 4 0 0 2 0 1 3 0 2 1 1 1 3 0 0
0 115 1 1 0 2 0 0 0 1 2 1 0 0 3 1 2 1 3 1 2 0 1 1 2 1 1 1 3 1 2 0 4 0 2 1 2 1 4 0 3 2 0 1 3 0 0 1 3 0 0 0 1 1 3 0 3 0 2 0 2 0 0 1 3 1 1 1 1 0 2 0 0 1 0 1 0 1 3 0 3 0 2 0 2 0 3 0 0 1 2 1 0 0 3 1 1 0 0 1 3 0 2 1 2 2 0 1 1 0 0 1 3 1 0 1 1
0 115 3 0 0 1 3 1 1 0 3 2 0 1 3 0 0 0 1 1 4 0 3 0 4 0 2 1 1 2 0 0 4 0 1 0 0 0 3 0 3 1 0 1 0 1 2 1 0 1 1 0 3 1 1 0 1 2 0 2 0 1 2 1 1 1 3 0 1 0 4 0 1 0 0 0 0 1 1 0 2 0 0 0 0 0 1 1 2 0 3 2 0 1 2 1 2 0 1 1 1 0 1 0 0 1 0 0 1 0 1 1 1 1 1 0 1
0 116 1 1 1 2 1 1 1 2 1 3 1 0 1 0 1 1 0 3 1 3 0 2 0 4 0 0 1 3 1 4 0 2 1 3 0 0 1 2 0 2 1 1 0 0 0 4 0 0 0 1 1 2 1 2 0 3 2 0 2 0 0 4 0 2 1 0 1 3 1 3 1 3 0 0 0 1 0 1 0 4 0 0 0 0 0 3 0 3 1 3 1 0 0 4 0 3 0 3 0 1 0 2 0 0 2 0 0 2 0 3 0 2 0 1 0 2
1 117 1 0 2 0 4 0 2 1 0 0 1 1 1 0 0 0 1 1 3 0 1 0 0 0 3 1 2 1 2 0 3 0 1 0 0 1 2 0 3 1 0 1 2 0 0 1 3 1 1 0 3 0 4 0 3 1 3 1 0 1 4 0 3 0 0 1 1 1 2 0 2 0 0 1 1 0 2 0 2 1 3 1 1 0 0 1 2 0 3 0 1 1 0 1 4 0 2 0 1 1 3 0 4 0 1 1 3 2 0 0 1 2 0 1 3 1 0
1 117 2 1 0 0 4 0 0 1 0 0 3 0 1 0 0 0 3 1 0 1 3 0 0 1 2 2 0 2 0 0 1 1 3 0 1 0 3 1 2 1 1 0 3 0 1 1 1 1 2 1 2 0 4 0 3 0 1 1 1 1 3 0 1 1 2 0 2 0 3 0 4 0 1 0 1 1 0 0 1 0 1 1 2 0 1 0 3 1 1 1 4 0 0 1 2 2 0 2 0 0 1 0 3 2 0 0 2 0 3 1 3 2 0 1 1 1 0
1 118 1 0 1 0 1 3 1 1 2 0 1 1 1 3 0 0 1 2 1 1 1 0 1 2 1 0 1 0 1 3 1 3 1 0 1 3 1 2 2 0 1 2 1 1 1 4 0 2 0 4 0 3 1 4 0 1 1 4 0 2 1 0 1 4 0 3 1 0 0 2 0 3 1 3 0 2 2 0 0 2 0 3 0 3 0 2 1 2 1 3 1 2 1 2 1 0 1 0 1 3 1 2 1 3 0 3 2 0 0 3 0 2 1 0 0 1 2 0
1 119 1 0 0 0 0 1 1 1 3 2 0 0 2 1 0 1 2 0 4 0 2 0 0 0 4 0 0 0 0 1 2 0 1 1 1 1 2 0 0 1 0 0 4 0 2 1 3 0 0 0 4 0 3 0 2 2 0 0 3 0 0 1 1 1 3 0 2 1 0 1 0 0 3 0 1 0 1 0 3 2 0 0 2 0 2 0 1 0 0 0 1 2 0 2 0 1 1 0 0 1 2 0 0 0 1 0 3 0 4 0 1 0 0 1 0 0 3 1 3
0 119 2 0 0 0 1 0 2 1 2 0 3 2 0 1 1 0 3 1 3 2 0 1 1 1 3 1 1 0 1 0 3 0 3 0 2 0 3 0 0 2 0 1 4 0 1 0 0 1 1 1 4 0 2 0 1 0 4 0 0 1 2 0 2 1 1 0 0 1 0 2 0 1 1 1 3 0 2 1 3 0 3 1 4 0 4 0 2 0 0 0 3 2 0 2 0 0 1 0 1 0 3 0 0 0 2 1 2 0 3 1 3 0 0 2 0 1 3 0 1
1 119 4 0 0 0 2 1 0 2 0 0 3 1 0 0 1 1 3 0 2 1 0 0 2 1 1 1 2 0 2 1 2 0 2 0 0 0 1 1 2 2 0 1 2 1 3 0 1 0 2 1 2 2 0 1 3 1 3 1 2 0 3 1 0 1 2 0 1 0 0 2 0 0 2 1 1 0 1 0 1 0 3 0 3 0 3 2 0 1 1 1 3 1 0 1 3 1 2 0 2 1 1 1 1 1 0 2 0 0 3 0 0 1 2 2 0 1 0 1 3
0 120 1 3 1 1 1 0 1 1 1 4 0 1 1 0 0 3 1 1 0 0 1 0 1 0 1 3 0 3 1 0 1 4 0 4 0 0 0 3 1 0 1 0 1 0 0 0 1 3 1 1 0 0 1 0 1 2 0 1 2 0 0 2 1 1 0 3 0 2 0 1 1 3 2 0 1 2 0 2 0 2 1 2 0 2 0 3 1 0 0 2 1 1 1 1 1 1 2 0 0 0 1 3 0 2 0 0 1 4 0 0 1 2 1 0 1 0 0 0 1 1
0 121 1 1 1 1 3 0 0 0 2 1 2 1 3 2 0 1 2 1 2 0 1 0 0 0 0 1 1 0 2 1 1 1 3 0 3 1 1 1 2 1 0 2 0 2 0 0 1 1 1 1 2 0 1 0 0 0 3 0 3 1 3 2 0 1 2 1 1 2 0 2 0 0 2 1 0 0 3 1 0 0 0 2 0 0 0 0 2 1 0 1 0 1 3 0 2 0 2 1 3 1 1 1 0 2 0 1 2 1 2 1 2 0 3 2 0 2 0 0 1 0 1
0 121 3 0 2 1 0 1 1 1 1 0 0 0 2 1 0 0 4 0 3 0 2 0 0 0 1 0 1 1 0 1 3 1 1 0 2 1 3 0 4 0 0 2 0 1 3 1 3 0 2 0 3 0 2 0 0 1 2 0 3 0 2 1 0 0 4 0 2 2 0 1 3 2 0 1 0 1 2 1 0 0 1 1 3 1 0 1 0 1 1 0 0 1 1 0 0 0 1 0 1 1 3 0 0 2 0 0 4 0 4 0 3 1 3 1 0 1 3 1 2 0 2
1 122 1 2 0 0 1 1 0 2 0 1 0 0 1 0 1 0 1 4 0 1 2 0 1 1 0 2 0 3 0 0 1 1 1 2 1 1 0 1 0 3 1 2 2 0 1 2 0 1 0 0 0 1 2 0 1 2 0 3 1 2 0 0 1 0 1 4 0 1 1 0 1 2 1 0 0 0 0 3 2 0 0 3 1 1 1 1 0 0 0 1 0 1 0 1 0 0 0 2 0 3 1 0 1 2 1 4 0 3 0 4 0 3 0 1 1 1 1 1 2 0 0 0
1 123 1 0 3 0 1 0 1 0 4 0 2 0 1 0 0 0 0 1 2 2 0 1 0 0 1 1 0 0 1 1 2 0 2 0 4 0 1 0 2 1 3 0 0 1 0 0 3 0 2 0 0 0 3 2 0 0 3 1 2 1 4 0 1 0 0 1 2 1 4 0 0 0 3 2 0 0 0 1 3 0 4 0 1 1 3 0 1 0 0 0 2 0 2 0 2 0 0 1 0 0 2 1 1 1 0 0 3 0 2 0 4 0 1 1 4 0 2 0 2 1 3 1 0
1 123 2 1 1 1 3 0 2 1 3 2 0 1 3 0 0 0 1 1 0 0 4 0 3 1 2 2 0 0 3 0 3 1 0 0 3 1 3 1 1 0 0 1 1 2 0 1 1 2 0 1 1 1 3 0 4 0 2 0 0 0 2 1 3 0 1 1 0 0 2 1 1 1 3 0 3 1 1 1 1 0 3 2 0 0 0 1 3 0 0 0 4 0 4 0 4 0 0 2 0 1 0 1 2 2 0 1 2 0 0 0 3 2 0 0 3 0 0 0 1 0 1 1 0
1 124 1 0 1 3 1 1 0 1 0 2 1 0 1 0 1 1 0 2 2 0 1 4 0 3 0 0 0 4 0 1 0 2 1 0 1 3 0 1 1 2 0 1 0 2 2 0 0 2 2 0 0 2 1 1 0 3 2 0 1 1 1 1 0 0 1 3 2 0 1 0 1 3 1 1 0 2 1 3 0 1 1 3 0 3 1 1 1 0 1 1 1 4 0 4 0 3 1 2 2 0 0 0 1 0 1 0 0 3 0 0 1 3 0 4 0 0 1 1 0 2 0 2 2 0
1 125 1 0 0 1 1 1 2 0 2 1 0 1 1 0 0 0 1 1 1 1 0 1 3 0 1 1 1 1 3 1 3 1 0 1 1 1 0 1 4 0 3 0 2 1 1 0 4 0 0 0 3 2 0 1 2 1 3 1 0 0 2 0 1 0 1 1 2 1 0 0 0 1 1 1 2 1 1 0 0 2 0 0 1 0 2 1 3 0 0 0 2 1 3 0 4 0 3 0 0 0 3 1 0 2 0 2 0 1 1 1 2 1 1 0 3 1 2 0 1 1 0 0 1 0 3
0 125 2 0 1 0 2 0 3 1 0 1 1 0 1 0 0 0 3 0 2 0 0 1 0 1 4 0 2 1 2 0 1 1 1 0 2 0 0 1 3 0 2 0 0 1 2 1 3 1 1 1 3 1 0 1 0 0 1 1 0 0 4 0 2 0 3 0 3 2 0 0 1 0 2 0 4 0 1 0 1 1 3 1 2 1 1 0 0 1 1 1 1 0 1 0 4 0 1 1 1 1 2 1 1 2 0 2 0 0 2 0 4 0 1 1 2 1 4 0 2 2 0 0 2 1 2
1 125 4 0 2 1 0 0 2 1 1 0 1 0 2 0 0 1 1 2 0 1 2 0 0 1 3 0 0 1 4 0 3 0 1 0 4 0 1 1 0 2 0 1 2 1 0 0 1 1 3 1 1 1 0 2 0 0 2 2 0 1 4 0 0 0 2 0 3 0 3 1 2 1 0 0 3 1 3 0 3 1 1 2 0 1 2 0 1 0 2 0 1 0 2 1 3 1 4 0 2 0 4 0 2 2 0 1 3 2 0 0 3 2 0 0 0 0 3 0 1 0 3 2 0 2 0
1 126 1 4 0 0 1 0 1 0 1 2 0 2 0 4 0 1 0 2 2 0 0 3 0 1 1 0 1 2 1 3 0 1 1 3 1 3 1 4 0 0 2 0 0 3 2 0 0 3 1 1 1 3 0 0 1 4 0 0 1 0 1 2 1 1 1 0 0 2 0 2 2 0 1 0 1 3 0 1 0 2 1 3 2 0 0 3 0 2 0 4 0 2 1 1 0 2 0 3 0 0 0 4 0 1 1 0 1 2 0 4 0 2 0 3 1 0 1 1 1 3 1 3 1 0 1 3
0 127 1 1 2 1 2 0 0 0 0 0 3 1 0 0 3 1 3 1 1 0 4 0 0 1 4 0 0 1 0 0 0 2 0 0 2 0 2 0 2 1 2 1 4 0 2 0 4 0 1 1 3 1 0 1 2 1 2 1 2 0 0 0 4 0 1 2 0 1 0 0 1 1 0 0 0 1 0 1 3 1 1 0 2 0 4 0 1 0 0 0 4 0 0 1 2 1 0 0 1 1 1 1 3 1 4 0 0 0 3 1 4 0 0 0 2 1 1 0 2 1 2 0 1 1 1 1 1
0 127 3 0 4 0 3 0 0 0 0 1 2 1 0 1 3 0 1 1 2 1 3 1 2 1 2 1 1 2 0 0 1 1 3 2 0 0 0 0 1 0 0 0 3 0 0 0 3 2 0 0 1 1 1 0 4 0 4 0 3 0 0 1 3 2 0 0 4 0 3 1 2 2 0 0 1 0 0 1 1 1 2 1 0 0 3 1 3 0 0 1 3 1 2 0 3 2 0 0 3 0 2 1 2 0 2 1 1 1 3 0 2 1 1 1 0 1 2 1 0 1 4 0 3 0 2 0 1
1 128 1 2 0 4 0 1 1 1 0 1 0 4 0 0 1 0 2 0 0 0 0 1 2 0 2 0 1 3 1 3 1 3 1 2 0 3 1 0 0 2 0 0 1 1 1 1 1 3 0 3 1 3 0 1 1 4 0 4 0 1 1 2 1 2 0 4 0 3 0 3 0 0 0 3 1 2 0 1 0 2 0 3 2 0 1 3 0 0 1 2 1 1 2 0 0 3 0 4 0 1 0 0 2 0 0 0 1 3 1 1 0 0 1 3 0 0 0 4 0 0 1 3 0 1 2 0 1 3
0 129 1 0 3 1 3 1 4 0 1 0 2 1 3 1 2 0 0 1 3 1 0 0 3 2 0 2 0 1 2 0 2 0 1 2 0 0 2 1 0 0 4 0 1 0 2 0 2 1 1 0 3 0 0 2 0 0 3 0 3 1 4 0 4 0 3 1 4 0 2 0 1 1 1 1 2 1 4 0 2 1 0 0 3 1 0 1 0 1 2 0 4 0 2 1 4 0 1 0 3 1 3 0 1 1 3 1 1 1 1 1 2 0 1 1 0 1 1 1 3 1 2 1 0 2 0 1 0 1 1
0 129 2 1 3 0 2 0 2 1 3 1 1 0 1 1 4 0 1 1 1 1 0 1 3 1 0 2 0 0 3 0 4 0 3 1 3 2 0 1 0 1 3 1 3 1 0 0 0 1 2 1 1 1 2 1 4 0 1 0 3 0 3 0 4 0 3 0 2 2 0 1 4 0 2 1 0 0 3 0 0 1 0 1 2 1 1 0 0 0 3 1 4 0 1 0 2 1 3 1 3 0 0 2 0 0 1 1 3 0 2 0 3 0 3 0 0 0 2 1 1 2 0 1 1 2 0 0 0 0 1
0 130 1 1 0 1 0 0 0 1 0 1 1 2 0 3 1 2 1 4 0 2 0 0 1 1 1 1 1 4 0 1 0 4 0 3 0 2 1 0 0 0 1 2 0 1 1 0 0 1 0 4 0 2 1 0 0 2 1 3 1 2 0 2 0 4 0 2 0 1 1 0 1 3 0 0 1 0 1 1 1 2 0 0 0 4 0 1 0 0 1 3 0 2 1 3 1 1 0 2 0 0 1 2 1 3 1 3 1 1 0 0 0 2 0 1 1 1 1 0 1 3 2 0 0 2 1 3 1 0 0 2
1 131 1 0 1 0 2 0 0 0 2 0 3 0 3 1 3 0 0 0 2 2 0 1 2 0 2 0 2 1 2 1 3 1 4 0 2 0 0 1 0 0 1 0 3 0 2 2 0 0 2 1 4 0 0 1 0 1 1 0 1 2 0 0 0 0 3 2 0 1 4 0 0 1 0 1 2 0 0 0 2 0 3 0 0 1 3 1 3 0 1 1 1 0 1 0 1 1 2 0 4 0 1 1 0 0 2 0 1 1 2 0 0 0 4 0 3 0 2 0 0 1 2 0 4 0 0 0 1 1 0 1 0
1 131 2 0 2 0 4 0 0 1 0 0 2 0 3 0 0 1 1 1 1 1 0 0 3 1 0 0 1 0 0 0 2 0 2 2 0 1 1 2 0 0 2 1 2 0 1 0 4 0 0 0 2 1 2 0 0 0 1 0 3 1 3 1 0 1 3 1 0 1 2 1 2 0 0 0 3 0 0 1 0 0 1 1 2 1 2 0 0 1 4 0 1 0 2 0 3 0 3 1 3 1 3 2 0 0 4 0 3 0 3 0 0 1 4 0 1 2 0 1 2 0 3 1 3 1 1 0 2 2 0 2 0
1 132 1 0 0 0 0 3 1 1 2 0 1 0 0 1 1 2 0 2 0 1 2 0 1 2 1 0 0 2 0 0 1 0 0 1 1 0 0 2 1 3 2 0 1 4 0 2 1 3 1 1 1 0 1 4 0 0 0 2 1 3 0 1 1 1 1 1 1 1 0 4 0 3 0 0 1 1 1 1 2 0 0 3 0 4 0 3 0 1 1 2 1 3 1 0 0 2 0 3 0 2 0 2 0 4 0 3 0 2 0 1 1 2 1 2 2 0 1 0 0 3 1 3 0 1 1 2 1 1 1 0 1 3
0 132 2 0 0 0 1 2 1 3 1 4 0 3 1 3 0 3 0 4 0 3 2 0 0 3 2 0 0 4 0 0 2 0 0 2 2 0 1 1 0 2 1 0 1 3 0 1 0 1 1 3 0 0 1 2 1 1 1 1 0 0 1 4 0 2 0 2 0 1 1 4 0 1 1 2 0 2 0 2 1 4 0 1 0 4 0 1 2 0 0 0 0 1 1 0 1 0 0 2 0 0 0 0 0 4 0 1 2 0 2 0 0 0 0 0 0 4 0 4 0 2 0 0 1 4 0 4 0 2 0 0 1 1
0 133 1 1 3 1 1 1 0 0 2 0 3 0 3 0 1 0 2 0 4 0 3 0 4 0 2 0 4 0 2 1 2 1 4 0 0 1 0 0 1 1 0 1 1 1 0 1 3 0 3 1 0 1 2 0 4 0 2 0 1 0 1 1 2 2 0 2 0 2 0 0 2 1 4 0 3 1 0 0 1 0 2 1 3 1 3 2 0 0 3 1 0 0 2 2 0 2 0 0 4 0 0 0 0 1 3 2 0 1 0 1 3 1 0 0 0 1 4 0 3 2 0 1 2 1 3 0 3 2 0 1 2 0 1
1 133 3 1 1 1 2 2 0 1 0 0 2 0 1 1 3 1 0 0 4 0 2 0 4 0 0 0 4 0 1 0 0 0 2 1 1 2 0 0 3 0 0 0 2 0 0 1 1 0 2 1 1 0 3 1 3 2 0 1 3 0 3 1 0 1 0 2 0 1 4 0 0 0 3 0 2 1 0 0 2 1 1 0 2 0 2 0 4 0 1 1 0 1 1 1 0 1 4 0 2 1 1 0 1 1 2 1 0 0 0 1 1 1 0 0 1 1 3 0 3 1 0 1 0 0 1 0 3 1 0 0 3 0 2
0 134 1 2 1 3 1 0 0 4 0 3 1 4 0 3 1 1 1 0 1 4 0 0 0 3 1 1 1 3 1 3 0 0 1 0 1 3 1 4 0 0 1 1 0 4 0 1 0 1 1 0 1 2 1 3 0 2 1 0 1 1 0 2 1 1 0 0 2 0 1 2 1 1 1 2 0 0 1 0 1 0 1 2 1 0 0 0 0 3 1 4 0 0 0 2 0 0 1 3 0 0 1 2 0 3 0 3 2 0 0 1 0 1 2 0 0 3 1 1 0 2 1 0 2 0 0 2 1 2 1 0 1 2 0 0
0 135 1 1 0 0 1 1 0 1 4 0 3 0 3 0 2 1 3 0 0 1 2 1 1 1 2 1 3 1 2 0 0 1 2 0 0 1 2 0 2 1 2 0 1 1 3 1 3 0 3 0 0 1 0 0 1 0 0 1 1 0 1 1 0 1 2 0 1 2 0 0 4 0 2 0 3 0 1 0 0 0 0 0 3 2 0 0 0 1 3 0 2 1 1 0 4 0 1 1 0 1 2 0 3 1 2 0 3 0 3 1 2 0 3 1 4 0 1 1 2 1 0 1 1 1 3 2 0 2 0 1 1 0 3 0 0
0 135 2 2 0 0 3 0 0 1 3 0 2 0 2 0 1 0 0 1 2 0 4 0 2 1 0 0 1 1 4 0 1 0 3 0 1 0 3 1 0 1 4 0 3 1 2 0 1 0 1 1 1 2 0 0 2 0 1 0 1 0 3 0 0 0 3 0 3 1 4 0 3 0 0 0 1 1 3 0 0 0 0 1 3 0 3 1 1 1 1 0 0 1 2 1 3 1 4 0 0 0 3 1 2 2 0 0 2 0 2 2 0 0 3 0 2 1 4 0 4 0 0 0 2 1 2 1 0 2 0 0 1 1 1 1 1
0 136 1 1 0 4 0 0 1 2 1 0 2 0 2 0 1 3 0 1 0 3 1 4 0 0 1 0 0 3 1 2 1 3 1 1 1 3 1 2 1 1 1 3 0 2 1 4 0 2 0 3 0 2 1 3 1 4 0 2 0 2 1 1 1 1 1 2 0 3 0 3 0 1 1 1 0 3 1 0 1 1 0 1 1 1 0 2 1 3 0 1 0 1 1 0 0 2 0 2 1 1 1 3 0 0 0 3 2 0 0 1 0 4 0 1 0 1 0 3 0 3 1 1 1 0 2 0 1 1 1 3 1 3 0 2 0 1
1 137 1 0 1 1 3 1 2 0 4 0 0 2 0 2 0 1 0 1 3 1 3 0 2 1 1 2 0 1 3 0 0 0 1 1 3 1 1 2 0 1 3 1 1 0 1 0 3 0 0 0 2 0 1 0 2 0 3 0 0 0 0 1 3 0 2 0 3 1 2 0 1 1 4 0 1 1 2 1 1 0 1 0 3 0 1 1 1 0 0 1 3 0 2 2 0 1 0 0 0 1 3 1 0 1 1 1 3 0 3 1 2 1 3 1 3 0 2 1 2 0 2 1 3 0 0 2 0 0 2 1 2 0 0 2 0 1 3
0 137 2 0 3 1 1 2 0 0 3 1 2 2 0 2 0 0 0 1 2 0 1 0 0 1 3 2 0 1 0 1 1 0 3 1 1 1 3 2 0 1 1 1 2 0 2 1 1 1 1 0 4 0 2 1 0 0 1 1 1 0 1 1 1 0 0 0 2 1 4 0 3 1 2 1 4 0 4 0 1 0 2 1 1 1 4 0 1 0 1 1 1 0 1 0 4 0 3 1 1 1 1 1 1 0 2 1 1 0 3 0 0 0 2 0 1 0 0 2 0 0 1 0 0 1 2 1 3 2 0 1 4 0 1 2 0 1 1
0 138 1 0 0 2 1 3 1 4 0 2 0 0 1 0 1 3 1 1 0 3 0 2 0 1 1 2 1 0 0 0 0 1 1 2 1 3 1 2 1 0 0 2 0 3 1 0 1 3 0 1 1 4 0 0 1 0 0 3 0 1 0 3 0 1 0 0 1 1 0 3 0 3 0 0 0 3 0 3 1 3 1 0 1 3 1 2 1 3 0 3 0 1 0 2 1 4 0 2 1 3 0 2 0 1 1 0 1 2 1 1 1 1 0 4 0 2 0 1 1 3 1 2 0 1 1 0 0 2 1 0 1 2 2 0 1 0 0 1
0 138 2 0 1 1 0 2 0 2 2 0 1 2 0 0 1 1 1 2 1 1 2 0 1 4 0 3 2 0 0 0 0 3 1 0 0 1 2 0 1 0 1 0 0 2 1 1 1 0 2 0 0 2 1 1 2 0 1 1 1 3 1 1 1 3 0 1 0 1 1 2 0 1 1 1 1 2 0 3 0 1 1 1 1 2 0 0 0 1 0 1 1 3 1 1 0 3 0 1 0 0 2 0 1 4 0 0 0 4 0 2 0 1 1 3 2 0 2 0 0 1 1 4 0 2 2 0 1 0 1 1 1 0 0 4 0 3 1 2
1 139 1 2 0 0 1 1 0 0 1 1 0 0 3 0 1 0 2 0 4 0 2 2 0 1 3 0 3 0 3 1 0 1 2 1 0 0 3 1 4 0 4 0 3 2 0 1 3 0 0 1 3 2 0 1 3 2 0 0 2 1 1 1 3 1 0 1 3 0 3 0 3 0 3 0 2 0 3 1 1 1 4 0 2 0 3 0 0 0 2 0 3 1 1 1 2 1 1 1 3 0 1 2 0 1 2 1 1 1 3 2 0 2 0 0 2 1 0 1 3 1 3 1 3 0 1 1 0 0 0 0 1 2 0 1 4 0 2 2 0
1 139 3 1 3 1 2 2 0 0 2 2 0 1 1 1 3 1 0 0 4 0 1 1 0 1 1 0 2 0 2 1 1 0 3 2 0 1 3 0 3 0 4 0 3 1 0 1 0 1 2 1 2 1 0 1 2 0 3 2 0 1 3 1 1 1 1 1 1 0 2 0 2 0 2 0 0 0 2 1 3 1 3 0 0 0 1 1 1 1 0 0 2 1 3 0 4 0 2 1 0 2 0 1 0 0 4 0 2 1 2 1 0 1 3 2 0 1 1 1 2 0 2 0 0 1 3 2 0 0 0 0 3 2 0 1 3 0 1 0 3
0 140 1 3 0 2 0 0 0 4 0 0 1 0 0 2 1 1 1 0 1 3 1 4 0 0 0 1 1 0 0 0 1 2 1 3 1 0 1 1 0 2 0 4 0 2 1 1 0 0 0 4 0 4 0 0 0 3 1 3 1 0 1 1 1 3 0 2 0 1 0 4 0 4 0 4 0 0 1 1 0 2 0 0 1 1 0 3 0 1 2 0 1 1 0 1 0 4 0 0 1 1 1 4 0 4 0 3 0 0 2 0 1 1 1 2 1 0 0 2 0 3 0 4 0 1 1 2 0 3 1 0 1 3 1 0 1 0 1 3 1 2
1 141 1 1 0 2 0 1 1 1 3 1 1 2 0 1 0 1 3 0 0 1 2 0 2 1 1 0 2 2 0 0 1 1 0 0 1 1 1 0 1 1 0 0 4 0 0 1 2 0 0 1 4 0 3 1 1 1 3 0 1 1 1 0 2 1 0 2 0 1 3 1 4 0 4 0 3 1 2 0 1 0 4 0 1 0 1 1 1 2 0 1 0 0 1 0 2 1 3 1 2 0 2 1 3 0 4 0 1 1 2 2 0 0 2 0 3 2 0 1 0 0 2 0 3 1 4 0 3 1 2 1 1 1 1 1 1 0 0 1 1 2 0
1 141 3 0 0 2 0 0 2 1 1 1 3 2 0 0 0 1 0 1 2 0 3 1 0 1 2 1 1 0 3 1 2 2 0 0 3 0 1 0 2 2 0 1 3 1 2 0 3 0 1 1 3 0 2 1 3 1 0 1 4 0 1 1 0 1 1 2 0 1 2 0 3 0 4 0 2 1 4 0 2 1 3 1 3 0 3 0 2 1 4 0 3 1 2 1 1 0 1 2 0 0 1 0 1 0 3 2 0 0 0 0 3 2 0 0 3 0 4 0 3 2 0 0 3 0 3 0 2 2 0 1 3 0 2 0 1 0 1 0 2 1 3
0 142 1 1 1 2 1 3 2 0 1 3 1 2 0 3 1 1 0 0 0 3 1 2 1 1 0 4 0 1 1 3 0 0 0 4 0 0 1 3 1 1 1 0 1 1 2 0 0 1 2 0 0 1 0 1 0 1 1 1 1 2 1 4 0 0 0 2 2 0 0 3 1 2 0 4 0 1 0 3 0 1 0 2 0 1 0 2 0 1 0 3 0 2 2 0 1 2 0 3 1 3 1 2 0 2 1 3 0 3 1 0 1 3 0 4 0 1 0 4 0 3 0 4 0 1 0 2 0 1 1 0 1 0 2 0 1 3 0 2 1 1 0 1
0 143 1 0 2 1 0 0 2 1 0 1 1 2 0 0 2 1 2 0 0 1 2 2 0 1 2 1 3 2 0 0 0 1 1 1 3 1 2 1 1 1 3 0 0 0 2 1 3 1 3 1 3 1 2 0 2 0 3 0 2 1 0 0 2 1 1 1 1 0 4 0 1 2 0 0 3 1 3 1 1 1 3 0 4 0 2 0 4 0 2 1 2 0 1 1 0 0 3 1 3 0 1 2 0 0 1 0 1 0 2 1 1 1 1 0 3 1 3 1 4 0 2 0 3 1 3 0 4 0 3 0 0 0 0 2 0 1 1 0 0 1 2 0 2
1 143 2 1 0 1 0 1 0 1 1 0 2 1 3 2 0 1 4 0 1 1 0 1 0 1 0 0 2 0 3 1 1 0 2 1 1 2 0 1 3 1 0 1 1 1 1 0 2 0 2 0 1 2 0 0 0 0 2 0 0 1 0 1 0 1 3 0 1 1 3 2 0 0 4 0 2 0 1 1 3 1 1 0 4 0 0 0 4 0 0 1 4 0 2 2 0 1 3 0 0 2 0 0 3 1 2 0 2 1 0 1 3 0 1 1 3 0 2 0 3 0 0 0 3 0 1 0 4 0 1 1 1 0 1 2 0 0 1 0 1 0 3 1 0
1 144 1 0 1 1 0 0 0 0 0 1 1 1 0 2 1 0 1 2 1 3 2 0 2 0 2 0 1 0 0 2 1 2 1 0 1 3 2 0 1 1 1 1 0 2 0 1 0 4 0 4 0 3 1 3 1 0 0 4 0 1 0 0 0 0 1 0 2 0 0 2 0 4 0 2 2 0 2 0 0 1 1 2 1 3 1 1 1 3 1 2 1 3 0 1 1 0 1 0 1 2 1 4 0 1 2 0 0 0 1 1 1 0 2 0 0 1 0 0 0 1 1 1 1 1 1 3 1 3 1 4 0 1 0 3 1 3 1 2 0 2 1 2 1 0
1 145 1 0 0 0 1 0 0 0 0 0 3 0 1 1 0 1 1 1 0 0 2 1 0 2 0 1 4 0 3 2 0 2 0 1 1 1 2 1 0 0 2 0 1 0 4 0 2 1 4 0 4 0 3 0 1 1 0 1 3 1 3 0 0 0 1 0 0 1 3 2 0 0 4 0 1 1 0 1 3 1 3 1 0 0 1 1 3 1 2 0 0 0 0 1 4 0 0 0 0 1 0 0 2 2 0 0 3 1 1 0 2 0 0 1 3 1 2 0 0 0 3 0 2 0 2 1 2 0 2 0 2 1 3 1 3 0 1 2 0 0 0 2 0 1 0
1 145 2 0 0 0 2 0 0 0 0 1 1 1 4 0 0 0 1 2 0 1 0 1 1 2 0 1 3 0 3 1 0 2 0 0 2 0 3 2 0 0 4 0 2 1 4 0 1 0 3 0 4 0 1 1 4 0 0 1 2 0 0 1 1 0 2 0 1 1 2 0 4 0 2 1 4 0 0 1 2 0 1 1 0 0 3 1 1 1 4 0 0 0 1 1 2 1 1 0 0 2 0 1 1 0 4 0 1 1 2 0 4 0 1 1 1 1 4 0 0 1 2 0 0 0 0 2 0 0 0 0 1 0 2 0 0 2 0 0 3 1 1 1 4 0 3
1 145 4 0 0 0 4 0 0 0 1 0 2 1 2 1 1 0 3 2 0 0 0 0 2 2 0 1 1 0 2 1 1 1 3 2 0 0 3 0 4 0 3 0 1 0 2 1 3 1 2 0 3 2 0 0 2 1 2 0 3 0 1 0 1 0 4 0 3 0 3 1 4 0 1 0 2 1 2 0 3 0 2 2 0 1 2 1 3 1 2 1 1 0 3 0 4 0 1 0 1 2 0 0 1 1 3 1 4 0 3 1 3 1 4 0 2 1 2 1 2 0 3 0 0 0 1 1 3 1 0 0 2 0 4 0 1 1 4 0 1 1 3 1 3 0 2
0 146 1 3 1 1 1 3 1 1 0 2 1 0 2 0 1 2 1 3 0 3 1 0 1 1 1 0 0 1 1 0 1 3 1 2 0 4 0 1 0 4 0 1 1 3 1 1 0 1 2 0 0 3 0 3 2 0 2 0 0 1 1 3 0 2 1 4 0 2 0 3 0 2 1 3 1 0 2 0 0 2 0 1 1 0 1 0 0 1 2 0 1 2 1 2 0 3 1 3 0 3 1 3 1 3 1 2 0 3 0 3 0 2 0 3 0 0 2 0 2 0 0 1 1 1 0 3 1 1 1 0 1 0 0 3 2 0 0 2 2 0 0 2 0 1 0 0
0 147 1 1 1 1 3 1 1 1 2 1 0 1 1 2 0 1 0 0 1 0 2 1 1 0 1 2 0 0 3 0 0 1 1 2 0 0 3 1 3 1 3 2 0 0 1 1 2 0 3 1 4 0 1 0 3 1 0 1 3 1 3 1 1 0 1 0 3 0 0 0 2 0 1 0 1 1 1 1 3 1 4 0 2 2 0 2 0 0 3 2 0 0 4 0 3 1 3 0 1 0 3 0 2 0 1 2 0 0 2 0 2 0 0 0 1 1 2 2 0 1 3 1 3 0 1 1 2 1 2 2 0 2 0 1 3 0 4 0 0 0 3 1 4 0 2 0 0
0 147 3 0 2 1 1 1 3 0 4 0 0 0 2 1 4 0 3 1 2 1 0 1 2 0 3 1 4 0 0 1 2 0 2 1 4 0 2 0 2 0 2 0 3 1 3 0 3 1 3 0 2 1 3 1 2 1 1 1 2 0 1 1 2 0 2 1 1 1 1 0 4 0 2 0 3 0 2 1 2 0 3 0 1 1 0 1 4 0 2 0 4 0 3 0 3 0 0 1 3 1 1 2 0 2 0 0 3 1 4 0 4 0 0 0 3 1 0 1 0 1 2 0 0 2 0 0 0 0 0 1 0 2 0 1 1 0 3 1 1 1 3 0 2 2 0 1 1
0 148 1 2 0 0 1 3 1 1 0 3 1 1 1 1 0 3 0 2 2 0 1 1 0 3 1 3 0 2 1 2 0 3 1 1 0 3 0 0 0 0 0 0 0 3 0 1 0 3 0 1 0 1 0 1 2 0 1 3 0 3 0 3 0 3 1 0 1 3 0 1 1 4 0 0 0 2 0 0 2 0 0 1 1 4 0 0 1 3 0 0 0 4 0 2 0 1 1 2 1 1 1 3 2 0 1 4 0 2 0 3 0 3 1 1 1 2 1 1 0 0 0 3 0 1 1 3 1 0 0 1 0 0 2 0 0 1 1 2 1 3 1 1 0 1 1 0 0 1
0 149 1 0 3 0 1 1 1 1 2 1 2 1 3 0 1 1 2 0 1 1 0 0 1 1 3 0 1 0 0 2 0 0 2 1 2 1 1 1 1 0 0 0 0 1 1 1 3 1 1 1 3 0 2 0 3 2 0 1 1 0 2 0 2 0 2 1 1 1 0 2 0 0 2 1 1 0 4 0 1 1 3 1 3 1 2 1 2 1 0 1 1 1 3 2 0 1 4 0 4 0 2 1 2 1 0 1 3 0 0 0 2 0 2 1 3 0 4 0 1 0 0 1 1 2 0 0 1 1 0 0 2 0 1 1 3 1 3 1 0 0 1 1 2 0 2 2 0 0 2
1 149 2 1 1 1 4 0 2 1 0 0 0 0 0 1 4 0 3 0 2 2 0 0 3 1 0 1 3 0 1 1 3 2 0 2 0 1 3 0 1 0 0 0 1 0 2 1 1 1 3 1 1 0 0 0 3 1 0 0 1 1 0 0 0 0 0 1 3 0 0 1 3 2 0 1 2 1 3 2 0 0 2 0 1 2 0 2 0 1 1 0 2 1 2 1 0 1 3 0 4 0 0 2 0 1 1 1 0 1 1 1 0 0 1 0 1 0 3 1 3 0 1 0 2 1 3 1 2 2 0 0 4 0 3 1 2 0 1 1 0 0 3 0 3 1 1 0 3 2 0
1 150 1 0 1 3 1 3 0 0 1 0 0 0 0 1 1 3 0 2 0 1 0 4 0 1 1 1 1 0 2 0 0 2 1 0 2 0 1 0 1 3 0 0 0 2 1 0 1 3 1 1 1 2 0 0 1 2 1 0 0 2 2 0 0 0 0 1 1 0 1 2 1 2 1 0 1 0 0 2 0 3 1 4 0 3 2 0 2 0 0 1 1 0 2 0 1 1 1 1 0 3 1 2 2 0 0 2 0 0 0 1 2 0 0 2 0 2 1 3 0 0 1 3 1 1 0 2 0 0 0 4 0 3 0 2 1 4 0 2 2 0 1 2 0 2 1 2 1 3 0 3
0 151 1 0 0 1 2 0 0 1 1 2 0 0 0 0 3 1 0 2 0 1 3 1 3 1 4 0 2 0 0 1 3 2 0 1 1 2 0 0 0 1 0 1 1 1 0 1 1 1 1 1 3 0 3 0 1 0 3 2 0 1 1 0 3 1 0 0 3 0 0 0 4 0 3 2 0 2 0 1 0 0 3 0 3 0 3 1 0 1 3 1 3 0 0 2 0 0 2 0 1 1 3 0 0 0 3 1 4 0 0 0 3 1 3 2 0 0 1 0 0 1 2 1 1 1 2 0 4 0 0 1 4 0 2 0 1 0 3 0 1 1 0 0 3 1 1 0 0 0 1 0 2
1 151 2 0 1 0 3 0 1 0 2 1 3 1 0 1 2 1 1 2 0 1 2 0 2 0 2 2 0 1 2 1 2 1 0 0 2 1 3 1 1 0 0 0 2 0 0 0 2 0 2 1 1 0 1 1 3 1 3 1 0 0 1 1 2 1 0 1 1 1 1 1 4 0 3 1 0 1 4 0 4 0 1 0 2 0 2 1 1 1 2 0 0 1 2 1 3 1 4 0 3 1 0 1 1 1 3 0 2 1 1 1 3 0 2 0 3 1 2 0 1 0 4 0 2 0 3 1 3 1 2 1 2 2 0 1 3 1 1 1 3 2 0 1 2 1 2 0 0 0 2 1 0
1 151 4 0 2 1 1 1 3 1 1 0 1 1 1 0 4 0 2 2 0 0 3 1 0 0 1 1 0 0 4 0 3 2 0 1 1 0 1 1 2 0 0 0 4 0 0 1 0 0 0 1 2 0 3 1 2 0 1 1 0 0 3 0 4 0 0 0 2 0 2 1 3 0 2 1 1 1 3 0 3 1 3 1 0 0 0 1 3 0 3 0 1 1 0 0 2 0 3 0 2 1 1 0 2 1 1 0 0 1 3 1 1 0 0 0 2 1 4 0 2 1 4 0 0 0 3 0 2 0 0 0 0 1 0 1 1 1 3 1 2 1 0 0 4 0 3 0 0 1 0 1 0
1 152 1 4 0 0 1 3 1 1 1 2 0 3 0 1 1 4 0 1 0 4 0 1 1 0 0 2 2 0 1 4 0 3 1 0 0 1 0 3 0 3 0 0 1 3 1 1 2 0 0 1 0 3 1 2 1 4 0 2 2 0 1 2 0 3 1 1 1 0 0 1 0 1 0 0 1 3 1 1 0 3 0 1 1 0 0 1 1 1 0 1 1 3 2 0 1 0 0 2 0 0 1 2 1 0 1 2 0 1 1 1 1 2 0 0 1 1 0 3 0 1 0 2 1 1 1 1 2 0 1 1 0 1 0 0 0 2 1 1 2 0 1 0 1 4 0 1 1 1 2 0 2 0
1 153 1 1 2 1 2 1 1 1 3 0 3 1 1 2 0 0 2 1 3 1 3 1 3 2 0 1 1 1 0 1 3 0 2 1 0 0 2 1 2 0 1 1 2 1 1 1 3 1 3 1 2 1 3 0 0 0 3 0 1 1 0 0 3 1 2 1 2 2 0 0 2 0 2 0 1 1 1 1 2 1 1 1 3 2 0 0 3 0 1 0 3 1 2 0 4 0 3 1 4 0 1 0 4 0 0 0 3 0 3 0 2 0 3 0 1 0 1 1 1 1 3 1 0 1 3 0 2 2 0 0 1 0 2 0 0 1 0 1 3 2 0 0 0 1 2 1 4 0 2 2 0 1 3
0 153 3 0 4 0 4 0 2 1 1 0 2 1 3 1 4 0 0 0 2 0 2 0 2 1 0 0 2 0 0 1 1 0 0 1 0 1 0 1 4 0 3 0 4 0 2 1 2 0 2 0 0 0 0 1 1 1 1 1 3 2 0 1 3 0 0 0 0 0 3 1 4 0 4 0 3 0 2 0 4 0 2 1 2 0 4 0 0 1 3 1 2 2 0 0 4 0 3 0 2 1 3 1 3 1 1 1 2 0 2 0 0 0 1 1 3 0 3 0 2 1 1 1 1 1 1 0 1 0 3 1 2 0 4 0 1 0 0 1 2 0 3 1 1 1 0 0 3 0 1 1 0 1 1
0 154 1 2 0 4 0 4 0 0 1 2 1 1 0 2 0 2 1 1 1 0 0 0 0 0 1 0 0 4 0 1 0 1 0 1 0 0 0 0 1 3 0 2 0 4 0 0 1 4 0 4 0 0 0 1 0 2 0 2 1 2 1 0 1 0 1 1 0 0 1 3 0 3 0 4 0 2 0 0 0 4 0 0 2 0 0 3 1 2 1 2 0 0 0 4 0 3 0 2 0 1 0 2 0 1 1 3 0 3 0 4 0 0 0 3 1 1 0 2 0 0 1 3 0 2 0 1 0 2 1 2 2 0 0 3 1 3 0 1 0 3 1 2 1 2 2 0 1 1 1 4 0 0 0 1
0 155 1 0 3 1 4 0 3 1 2 0 4 0 1 1 0 0 0 1 2 2 0 0 0 0 0 2 0 1 3 1 3 0 2 0 2 0 0 0 1 1 1 0 0 0 3 1 2 1 3 0 3 1 1 0 2 1 0 0 0 2 0 1 1 0 0 0 1 0 1 1 1 0 2 0 3 2 0 1 1 1 3 1 2 1 4 0 1 2 0 1 4 0 0 1 4 0 1 2 0 1 3 0 4 0 3 1 1 0 2 0 3 1 1 1 2 1 2 0 4 0 1 1 0 2 0 1 3 1 1 0 0 0 4 0 2 0 0 1 3 1 3 0 0 0 0 1 0 0 2 1 2 1 1 0 2
1 155 2 1 3 0 3 0 2 2 0 0 3 1 3 2 0 0 1 1 0 0 3 1 0 0 1 2 0 1 2 0 0 2 0 2 0 1 1 0 3 0 1 0 0 1 3 0 0 0 1 0 2 1 2 1 0 1 0 0 1 2 0 0 1 0 0 0 2 0 3 0 1 1 0 0 3 1 0 0 2 1 2 0 0 0 2 2 0 1 0 1 2 1 2 1 2 2 0 1 0 1 1 0 4 0 2 1 2 1 0 0 2 1 3 0 4 0 3 1 3 1 4 0 0 2 0 1 1 1 2 0 0 1 3 2 0 1 2 1 2 0 0 1 1 0 0 2 0 1 0 2 0 1 2 1 0
1 156 1 1 0 1 0 2 0 1 0 4 0 2 0 2 0 3 1 2 2 0 1 2 1 0 0 3 2 0 0 3 0 1 2 0 2 0 0 1 1 1 1 3 0 1 1 0 1 1 0 2 1 0 2 0 1 0 2 0 0 3 1 3 1 2 0 0 1 0 0 1 1 3 2 0 1 2 1 0 1 0 1 4 0 0 1 1 1 0 0 0 1 0 0 0 0 0 1 0 0 0 0 1 1 4 0 0 2 0 1 0 1 1 0 1 0 4 0 3 0 2 0 2 1 2 2 0 0 2 0 3 0 1 1 2 1 0 0 4 0 3 0 1 0 1 0 1 2 0 0 0 2 0 0 3 2 0
1 157 1 0 1 0 2 0 4 0 2 1 4 0 0 0 0 0 3 0 0 1 0 0 3 2 0 1 3 0 4 0 0 2 0 1 0 1 3 1 3 0 2 1 0 1 4 0 0 0 1 1 0 1 1 2 0 0 0 1 4 0 2 0 1 1 4 0 0 2 0 0 3 1 2 1 0 0 4 0 0 0 0 1 2 1 2 0 1 2 0 0 0 2 0 0 0 0 0 2 0 0 0 0 3 1 2 1 2 2 0 0 0 0 1 0 2 1 4 0 2 0 0 0 1 0 0 0 3 2 0 0 1 1 4 0 3 2 0 1 4 0 1 1 3 0 2 0 3 1 3 1 1 1 4 0 2 0 3
0 157 2 0 2 1 0 0 4 0 1 0 2 1 1 0 0 1 1 1 1 2 0 1 3 1 0 1 1 0 3 1 2 2 0 0 0 1 2 0 1 0 0 1 1 1 2 1 1 0 3 0 0 0 2 1 3 1 1 1 2 2 0 2 0 0 2 1 2 1 4 0 1 2 0 1 0 1 3 1 1 0 1 0 4 0 3 0 3 1 3 1 1 1 3 1 0 0 1 1 3 1 0 1 3 0 0 0 0 0 3 1 0 0 2 1 1 0 2 2 0 1 1 0 2 0 0 1 3 0 3 1 3 1 3 0 3 1 0 1 2 2 0 0 1 0 0 0 3 0 1 1 3 1 3 0 0 0 2
1 158 1 0 0 0 1 0 1 3 1 3 1 0 1 2 0 1 0 2 0 2 2 0 1 1 1 1 0 1 1 3 0 0 0 3 1 1 0 3 0 2 0 1 0 2 0 4 0 1 1 1 1 1 1 1 0 1 1 3 1 0 1 0 1 4 0 0 0 0 0 2 2 0 1 0 0 0 1 1 1 2 0 2 1 4 0 2 0 3 0 1 1 3 1 1 1 0 0 3 1 1 1 1 1 0 1 1 0 0 1 2 1 0 1 0 1 2 1 1 1 0 0 1 0 4 0 1 1 1 0 3 0 2 0 1 0 2 1 1 1 0 0 3 1 2 0 0 1 1 2 0 0 2 0 0 1 1 1 0
1 158 2 0 0 1 0 0 1 2 0 1 1 1 0 3 0 2 1 0 0 1 1 0 0 2 0 1 0 3 1 0 1 1 1 2 1 2 1 1 2 0 1 3 1 0 0 3 1 4 0 2 0 2 0 1 0 3 1 1 1 1 0 0 1 2 1 1 0 0 1 1 0 4 0 3 1 1 0 2 0 3 1 1 0 3 0 0 0 1 2 0 0 1 1 2 2 0 1 2 1 3 0 2 0 0 0 1 0 1 0 4 0 0 0 0 0 4 0 1 2 0 0 2 1 3 1 4 0 1 1 1 2 0 1 3 1 0 1 2 2 0 1 2 1 4 0 1 0 2 1 3 1 4 0 1 0 1 2 0
1 159 1 1 3 1 2 0 1 0 3 0 3 0 1 1 2 0 0 1 0 0 2 2 0 0 4 0 2 1 2 1 1 0 2 0 4 0 4 0 2 2 0 1 1 1 0 1 3 0 2 2 0 2 0 1 3 1 2 1 3 0 1 0 1 0 4 0 1 0 1 0 1 1 4 0 2 1 2 1 0 0 2 1 2 1 1 1 1 0 3 1 3 1 3 1 0 1 0 1 0 0 0 2 0 1 1 0 2 0 2 1 3 1 1 0 0 1 3 2 0 0 4 0 0 0 2 0 2 1 4 0 2 2 0 1 1 1 1 1 0 1 0 1 0 0 2 1 3 1 1 0 2 0 2 1 3 0 3 1 3
0 159 3 1 1 1 4 0 2 1 2 0 1 1 4 0 3 0 0 2 0 1 1 0 4 0 3 0 0 2 0 1 2 1 0 0 4 0 4 0 1 1 0 0 2 0 0 1 1 0 1 1 0 2 0 1 2 0 0 0 0 1 3 0 2 1 3 1 3 0 2 0 3 1 3 0 0 2 0 1 0 1 0 2 0 1 3 0 1 1 3 0 2 0 1 1 0 2 0 2 0 0 1 2 0 0 1 1 0 0 1 0 1 1 2 0 1 1 2 0 4 0 2 1 1 1 0 0 1 0 3 0 1 1 0 0 2 0 1 2 0 2 0 2 0 1 1 0 1 1 2 1 0 0 1 0 1 0 3 0 1
1 160 1 2 1 3 1 3 0 0 1 4 0 3 1 3 0 1 1 2 2 0 0 1 1 4 0 1 1 2 2 0 0 3 2 0 1 4 0 3 1 3 2 0 0 4 0 1 0 1 0 3 0 0 2 0 0 3 0 0 0 1 1 1 0 1 0 2 0 1 0 0 0 3 0 0 1 2 2 0 0 0 0 0 2 0 1 0 2 0 0 0 2 0 1 4 0 0 2 0 1 3 1 3 1 3 1 2 2 0 0 2 0 3 0 3 0 3 0 3 1 4 0 0 1 2 2 0 0 2 1 1 1 3 2 0 0 4 0 3 2 0 2 0 2 0 0 1 0 3 0 3 2 0 0 2 0 2 1 1 1 3
0 161 1 1 0 0 2 0 0 1 2 1 3 0 3 0 0 2 0 0 0 0 3 1 3 1 2 2 0 0 0 0 4 0 2 1 0 1 3 0 3 0 2 0 4 0 2 1 3 0 2 1 1 1 2 1 4 0 0 1 1 0 3 0 1 0 2 0 4 0 2 0 0 1 1 1 2 1 0 0 3 1 0 0 1 2 0 0 0 1 3 1 1 2 0 1 2 1 2 2 0 1 2 0 2 0 2 0 0 0 3 2 0 0 2 0 2 0 2 0 3 0 2 1 2 1 0 0 3 2 0 1 3 1 2 0 4 0 3 0 3 1 0 2 0 1 3 1 2 1 2 0 3 0 3 2 0 0 0 1 3 1 1
0 161 2 2 0 0 4 0 1 1 0 0 1 0 1 1 2 1 3 1 0 1 3 0 2 0 0 0 3 1 0 1 4 0 0 1 1 1 1 0 2 0 0 0 4 0 1 0 1 0 0 1 3 1 0 0 2 1 2 0 1 1 1 1 3 1 0 0 3 2 0 1 2 0 2 0 3 2 0 1 2 1 0 0 3 1 3 1 1 1 1 1 3 2 0 1 0 0 0 1 0 0 3 0 4 0 4 0 0 1 3 0 3 2 0 0 0 0 0 0 2 0 0 2 0 1 0 1 3 1 0 1 1 2 0 0 4 0 2 0 2 1 1 2 0 1 1 2 0 2 0 0 2 0 3 0 3 1 1 1 1 1 2
1 162 1 1 0 4 0 2 1 3 2 0 0 2 0 3 1 0 0 1 1 1 1 0 2 0 1 1 1 2 1 1 1 2 1 2 0 2 0 1 0 4 0 0 1 3 1 3 0 2 0 1 1 1 1 0 1 0 1 4 0 3 0 2 1 1 1 0 1 3 1 0 0 3 1 0 0 3 1 0 0 3 2 0 1 3 0 1 1 3 0 2 1 2 0 4 0 3 1 0 2 0 1 2 0 4 0 3 1 2 1 1 0 3 0 3 1 0 0 0 0 4 0 1 2 0 0 0 1 1 1 1 0 2 1 4 0 3 0 0 0 0 1 3 2 0 0 2 2 0 1 3 2 0 0 2 0 2 1 3 0 2 0 3
0 163 1 0 1 1 4 0 1 0 2 0 3 2 0 0 2 1 0 0 3 0 2 0 0 2 0 0 2 0 4 0 2 0 4 0 3 0 4 0 2 1 3 1 2 1 2 0 0 2 0 1 4 0 2 0 0 0 0 1 3 0 2 0 0 1 3 0 0 1 1 1 0 1 2 1 0 1 2 1 0 1 3 1 0 1 0 2 0 0 1 0 0 2 0 0 4 0 2 1 1 2 0 0 3 1 4 0 2 2 0 1 2 1 2 0 2 1 0 0 0 1 3 2 0 0 3 1 1 0 2 0 1 1 1 0 3 0 1 1 1 0 1 1 2 0 4 0 0 1 0 1 2 0 3 2 0 0 1 0 1 0 0 0 2
1 163 2 0 3 1 2 1 3 1 0 0 3 0 3 2 0 1 0 1 1 2 0 1 2 1 3 2 0 0 4 0 0 0 4 0 2 0 4 0 1 0 1 2 0 1 4 0 1 2 0 1 2 2 0 1 1 0 1 1 0 2 0 1 2 1 0 1 2 0 2 0 0 0 4 0 0 0 4 0 0 1 1 1 1 0 0 1 3 1 2 0 1 1 4 0 3 0 0 1 3 1 4 0 2 0 3 0 1 1 0 0 4 0 3 1 0 1 0 0 1 1 2 0 4 0 1 1 2 0 4 0 3 0 1 1 1 1 4 0 1 0 3 0 3 1 3 1 2 0 0 0 3 1 3 0 3 1 2 0 2 0 0 1 0
1 164 1 0 0 3 0 0 0 1 1 0 1 2 0 3 1 0 0 0 0 2 2 0 1 0 0 2 0 4 0 2 1 1 1 4 0 0 0 3 1 3 0 3 2 0 1 2 2 0 1 0 1 0 1 0 0 1 0 3 0 0 2 0 0 4 0 0 0 3 0 4 0 0 1 3 1 1 1 3 1 2 0 2 0 1 0 1 1 1 1 4 0 3 1 3 0 1 1 2 1 2 0 3 0 0 0 1 1 3 2 0 1 4 0 2 1 0 2 0 0 3 0 3 1 3 1 4 0 3 1 4 0 1 1 4 0 2 1 2 1 3 1 2 0 3 0 1 1 4 0 0 1 3 0 1 0 2 1 4 0 4 0 0 2 0
1 164 2 0 1 1 1 1 0 3 0 0 0 3 1 2 1 0 0 0 1 1 0 4 0 3 2 0 0 4 0 0 1 3 1 2 1 1 1 3 0 1 0 3 1 0 1 0 0 4 0 4 0 4 0 3 1 2 1 1 1 2 1 4 0 2 1 1 1 2 0 3 1 2 1 1 1 3 1 1 1 4 0 4 0 2 0 3 0 2 1 3 0 3 0 0 1 4 0 4 0 3 1 1 1 1 0 3 1 2 1 0 1 3 0 0 1 1 1 4 0 1 0 3 0 2 0 3 0 3 0 2 2 0 0 3 0 1 0 0 0 1 2 0 0 1 2 0 0 2 1 2 1 0 1 3 1 1 0 3 0 3 1 2 1 3
0 165 1 2 0 0 2 0 1 1 1 1 1 1 2 2 0 1 0 0 1 0 1 1 4 0 3 0 4 0 2 1 2 1 1 2 0 1 3 1 0 1 3 1 2 1 0 2 0 1 4 0 4 0 4 0 2 2 0 1 3 1 0 0 3 0 0 1 3 0 3 1 2 2 0 1 3 1 1 1 3 1 3 0 4 0 0 0 2 0 1 0 1 0 1 1 2 1 3 0 4 0 2 1 3 0 1 1 2 2 0 1 1 1 0 1 2 0 2 1 2 1 3 1 2 0 0 0 2 0 2 0 1 0 4 0 0 1 3 0 0 0 3 1 3 1 3 1 3 2 0 2 0 1 1 1 1 1 2 1 2 0 3 0 0 0 1
0 165 3 1 3 1 4 0 3 0 2 0 2 1 0 0 4 0 3 1 2 0 3 1 3 0 2 0 4 0 0 2 0 1 3 2 0 1 1 1 1 1 1 2 0 1 1 2 0 1 3 0 4 0 4 0 1 1 0 1 1 1 0 1 1 1 2 1 1 0 3 0 0 1 0 1 1 1 3 1 2 0 1 0 3 1 1 0 4 0 2 0 2 0 3 1 0 0 1 0 4 0 1 0 0 2 0 0 0 1 0 0 2 0 0 0 3 1 1 0 0 0 1 1 4 0 0 0 4 0 4 0 2 1 3 1 2 1 0 1 1 1 3 0 2 0 2 0 2 1 0 2 0 0 2 0 2 0 4 0 3 1 1 1 1 0 2
1 166 1 3 0 2 0 3 0 2 0 0 0 0 1 0 1 4 0 2 2 0 0 3 0 1 0 0 0 3 1 2 2 0 1 2 1 0 0 2 0 2 0 2 2 0 0 2 2 0 1 1 0 4 0 3 1 4 0 0 0 2 0 0 0 2 0 4 0 1 1 1 1 2 0 0 0 2 1 1 1 4 0 2 1 2 1 2 1 4 0 0 0 0 0 2 1 0 0 2 1 3 1 3 0 1 1 3 1 0 2 0 0 4 0 0 1 2 1 2 0 0 0 3 1 2 1 1 1 4 0 4 0 1 0 1 2 0 1 1 0 2 1 1 0 0 0 0 0 0 1 1 1 3 2 0 0 0 0 4 0 2 1 3 0 1 1 0
1 167 1 1 1 0 0 0 1 2 0 1 1 0 1 0 0 1 3 0 1 0 4 0 0 1 3 0 0 1 3 0 0 1 0 0 3 2 0 1 0 0 0 0 1 0 4 0 0 1 0 0 1 1 4 0 3 0 2 1 1 0 4 0 0 1 0 0 3 1 4 0 2 0 3 0 0 1 0 1 3 1 3 0 1 0 0 0 0 0 2 1 1 0 0 1 0 1 0 1 1 0 2 0 0 2 0 0 1 1 1 1 4 0 2 1 2 0 4 0 3 0 0 1 2 2 0 1 3 1 3 0 3 1 3 0 3 2 0 0 1 1 0 1 2 0 0 0 0 0 1 0 2 1 2 0 3 1 0 1 4 0 1 0 0 1 3 2 0
1 167 3 0 1 0 0 0 3 2 0 0 1 0 2 0 1 1 0 1 3 1 3 1 2 1 0 1 2 1 0 1 1 2 0 1 3 0 4 0 3 1 0 0 2 1 3 1 1 2 0 0 3 1 3 0 2 0 0 1 2 1 3 1 1 2 0 1 3 0 3 0 0 0 1 1 2 0 0 1 2 0 0 1 3 0 0 0 0 1 0 1 2 0 1 0 0 0 0 0 1 0 4 0 1 1 3 1 3 0 2 1 3 0 0 2 0 0 4 0 1 1 2 1 0 1 0 1 2 0 1 0 3 0 1 0 3 0 3 1 3 0 0 0 3 0 0 0 0 0 2 1 0 2 0 0 2 1 1 1 2 1 3 0 1 1 2 0 3
0 168 1 1 1 3 0 0 1 3 0 3 1 2 0 4 0 3 0 0 1 2 0 1 2 0 1 1 0 4 0 0 0 2 2 0 1 1 0 4 0 2 1 0 1 1 0 1 1 3 1 4 0 2 0 0 2 0 1 2 1 0 0 1 1 3 2 0 1 1 0 1 1 1 0 3 0 3 0 1 0 3 0 1 1 0 1 1 0 1 0 0 0 3 0 2 0 0 0 0 0 2 1 3 2 0 0 2 0 1 0 1 0 0 1 2 1 4 0 2 1 4 0 4 0 0 0 0 0 3 0 2 1 1 1 3 1 2 0 3 0 0 1 1 1 1 1 1 0 0 1 0 1 1 1 3 2 0 1 3 1 0 0 0 1 4 0 3 1 2
1 169 1 0 2 1 0 1 2 1 1 0 2 2 0 0 4 0 1 1 2 0 3 0 3 2 0 0 1 1 3 1 1 1 1 1 0 0 1 1 4 0 0 1 1 0 1 0 3 1 2 0 2 2 0 1 2 2 0 0 3 2 0 0 3 1 2 1 0 0 1 0 3 0 1 1 2 0 1 1 3 1 1 1 4 0 0 0 1 0 2 0 0 1 1 2 0 1 1 0 0 1 1 0 2 0 3 1 4 0 2 0 2 0 1 1 0 0 3 0 1 0 3 0 3 1 1 0 0 1 2 0 0 1 3 1 1 2 0 0 1 1 2 0 2 0 2 0 1 0 1 0 0 0 2 1 2 1 0 1 1 1 0 0 1 1 3 0 2 2 0
1 169 2 1 0 1 1 0 4 0 1 1 1 0 4 0 2 1 4 0 3 1 2 0 3 0 3 1 3 1 1 1 3 0 1 2 0 0 3 1 2 1 2 0 1 0 2 1 2 2 0 0 1 1 0 1 0 0 4 0 2 0 4 0 1 2 0 1 0 0 2 1 1 1 4 0 3 0 3 1 1 1 3 1 2 1 1 0 2 0 4 0 1 0 2 2 0 0 1 0 1 0 1 1 0 0 3 0 2 2 0 2 0 1 3 2 0 1 1 1 3 1 2 0 2 1 2 0 1 0 3 0 1 1 1 1 3 1 3 1 3 0 3 0 4 0 4 0 2 0 2 0 0 1 0 2 0 1 1 0 1 2 0 0 3 1 1 0 1 0 3
0 170 1 0 1 1 0 1 1 3 1 4 0 1 1 4 0 1 0 3 0 2 2 0 0 2 0 3 0 1 1 3 1 0 2 0 0 4 0 1 2 0 1 4 0 2 1 1 0 0 0 3 1 2 2 0 2 0 1 4 0 0 0 3 2 0 0 4 0 3 2 0 1 3 1 3 0 2 0 2 1 3 1 1 2 0 1 2 1 0 0 3 1 3 1 1 0 3 1 2 0 2 0 2 2 0 1 2 0 1 1 0 2 0 1 2 1 0 0 2 1 1 2 0 0 0 1 4 0 2 1 1 1 4 0 2 1 2 0 2 0 1 0 2 0 4 0 3 2 0 2 0 1 2 0 0 2 0 0 1 0 3 1 4 0 1 1 2 0 2 1 2
1 171 1 0 0 0 1 0 3 1 2 0 2 2 0 0 2 1 3 1 2 0 1 0 3 2 0 0 1 2 0 0 1 1 1 1 4 0 2 2 0 1 0 1 3 0 0 1 2 0 0 1 3 0 0 1 0 2 0 1 2 1 1 1 3 0 4 0 3 0 3 1 0 1 2 0 1 0 0 0 1 0 1 1 3 2 0 0 3 2 0 1 3 0 1 1 2 1 2 2 0 0 0 0 1 1 0 0 3 0 3 0 0 2 0 0 3 2 0 1 0 1 3 1 3 1 1 1 3 0 0 1 3 1 3 0 0 1 4 0 4 0 2 1 0 0 4 0 3 1 0 2 0 0 3 0 1 1 3 1 2 1 3 0 2 1 4 0 3 1 0 2 0
1 171 2 0 0 0 2 1 2 2 0 0 1 0 4 0 0 0 1 1 4 0 2 1 3 0 3 1 3 1 3 1 3 0 2 1 3 0 1 1 0 0 0 1 0 1 2 0 3 0 1 1 0 1 2 0 0 2 0 0 4 0 2 1 1 0 4 0 2 0 2 1 1 0 3 0 2 0 0 0 2 0 3 1 2 0 4 0 2 1 0 1 0 2 0 0 0 0 0 0 3 1 0 0 2 2 0 1 2 0 1 1 2 1 4 0 2 1 0 0 0 1 2 0 1 1 3 1 0 1 2 1 2 0 0 1 2 1 3 0 4 0 0 1 0 1 4 0 2 1 1 1 4 0 0 2 0 0 2 0 0 0 1 0 1 0 3 0 2 1 1 1 3
0 171 4 0 0 1 1 0 0 0 3 1 2 1 3 1 1 0 3 1 3 0 1 0 1 0 3 0 2 0 2 0 1 0 1 0 0 1 3 2 0 0 1 0 0 0 3 1 1 1 4 0 0 0 3 0 1 1 4 0 3 0 0 1 2 1 4 0 0 0 0 1 2 1 1 2 0 1 1 1 0 0 2 2 0 0 4 0 0 1 1 0 0 1 3 1 0 0 0 1 2 1 0 1 1 1 0 0 3 0 3 1 0 0 3 0 0 1 0 0 1 0 3 0 3 1 1 1 1 0 4 0 3 0 1 1 0 0 1 0 3 1 2 0 0 1 3 0 0 1 3 1 2 1 2 1 3 1 4 0 0 0 2 0 2 1 2 0 0 1 3 1 1
0 172 1 3 1 2 0 1 0 0 1 3 0 0 0 1 1 2 1 3 0 0 1 3 0 2 1 1 2 0 2 0 1 3 0 2 0 1 1 2 0 3 1 2 0 0 1 2 1 3 1 2 1 1 1 1 2 0 0 3 0 1 1 2 1 0 0 2 1 1 0 1 0 4 0 2 2 0 0 1 2 0 1 1 0 4 0 2 1 2 0 1 0 1 1 1 1 0 0 1 0 4 0 0 0 1 2 0 1 2 0 2 1 0 1 1 1 1 2 0 0 2 1 2 0 2 1 3 0 1 1 4 0 1 1 3 2 0 0 2 1 2 1 4 0 1 1 0 1 2 1 2 0 0 0 0 0 2 0 2 1 1 1 0 0 0 1 4 0 1 1 1 1 2
1 173 1 1 1 1 4 0 2 0 1 1 0 1 1 0 3 1 0 0 0 1 2 1 1 0 0 1 3 2 0 2 0 1 0 2 0 1 4 0 3 1 2 1 4 0 1 1 0 0 1 2 0 1 3 0 2 1 4 0 0 1 4 0 3 2 0 1 0 1 2 0 2 1 4 0 1 0 3 1 3 2 0 0 1 1 4 0 0 1 4 0 2 0 3 0 1 2 0 0 2 1 3 1 1 0 3 2 0 0 3 1 0 1 1 0 2 0 2 1 3 2 0 2 0 0 1 0 0 2 0 0 2 2 0 0 2 0 4 0 0 0 0 0 2 1 4 0 0 0 4 0 3 0 0 0 0 1 0 0 0 1 2 2 0 0 1 1 2 1 4 0 2 0 3
0 173 3 0 2 1 2 2 0 1 4 0 0 0 1 1 2 1 0 0 1 0 4 0 1 0 1 1 2 1 0 2 0 0 0 2 0 1 3 0 3 0 0 0 2 1 3 2 0 0 3 2 0 1 1 0 1 0 2 1 2 1 3 0 3 1 0 0 0 0 3 1 1 0 2 1 3 1 3 0 2 0 3 1 3 1 2 1 2 1 3 0 0 0 1 2 0 0 4 0 0 0 1 1 2 1 3 0 4 0 1 1 1 0 1 1 0 0 1 0 2 1 0 1 3 1 2 0 1 1 4 0 0 0 3 2 0 0 3 1 1 0 0 1 1 0 2 1 1 1 4 0 1 1 1 0 0 2 0 0 1 1 0 0 3 1 3 1 0 0 3 0 0 0 2
1 174 1 2 0 1 0 0 1 0 1 2 1 1 0 3 0 3 2 0 0 2 1 3 1 3 0 3 0 4 0 0 1 3 1 1 2 0 1 1 0 1 1 1 1 1 0 2 0 4 0 2 1 0 0 1 0 2 1 1 0 0 0 1 0 2 1 0 0 0 1 2 1 2 1 1 0 2 0 1 0 0 0 3 0 2 0 0 0 0 0 0 1 1 0 3 1 4 0 2 1 1 0 3 1 0 0 1 0 3 1 4 0 1 0 2 2 0 0 2 1 0 1 1 1 1 1 4 0 3 1 2 1 1 1 3 0 4 0 1 1 2 0 1 0 1 1 0 1 3 1 2 1 4 0 1 0 1 1 3 1 2 2 0 1 3 0 1 1 0 1 1 1 1 1 0
1 175 1 0 3 0 2 0 1 0 0 0 4 0 1 1 2 0 3 0 4 0 0 0 2 0 1 0 2 0 3 1 2 1 1 1 3 2 0 0 1 0 3 0 2 0 1 1 0 0 4 0 0 1 0 0 2 1 0 1 2 0 0 0 2 1 0 1 0 0 1 0 4 0 4 0 1 0 4 0 2 0 0 1 1 2 0 1 1 0 0 0 1 0 1 1 3 0 3 0 0 1 2 1 2 1 0 0 2 1 3 0 2 1 3 1 1 0 3 2 0 1 1 0 2 0 2 1 3 0 2 2 0 1 3 1 1 0 3 1 4 0 3 0 2 0 3 0 0 1 2 0 0 0 2 1 3 0 3 1 2 0 0 1 0 1 0 1 4 0 0 0 2 0 1 2 0
1 175 2 1 1 2 0 1 3 0 0 1 3 1 4 0 3 1 2 0 3 1 1 0 4 0 2 1 0 0 2 2 0 1 3 1 2 0 3 1 2 1 1 2 0 1 3 2 0 1 3 1 1 2 0 1 0 1 1 0 3 0 0 1 0 1 0 2 0 0 2 1 4 0 3 1 3 1 3 2 0 1 2 0 2 2 0 0 1 0 0 0 2 0 3 1 1 0 1 1 2 0 4 0 3 2 0 1 1 0 1 0 1 0 1 1 2 1 3 1 0 0 1 1 0 0 1 0 1 0 1 1 0 1 1 1 2 1 3 0 3 0 2 0 0 0 1 1 2 0 3 0 0 1 1 0 1 0 2 1 4 0 1 0 0 0 0 1 2 1 1 0 4 0 3 1 3
0 176 1 0 1 3 2 0 1 0 1 2 1 2 0 3 0 2 2 0 0 2 1 2 1 4 0 0 1 0 1 1 1 0 1 1 2 0 0 2 2 0 1 3 2 0 1 2 1 0 1 1 1 3 2 0 0 0 0 1 1 1 1 2 0 0 0 0 1 4 0 0 0 3 0 3 0 2 0 2 1 0 0 3 1 1 0 3 1 2 0 0 1 0 0 2 1 2 0 3 0 3 1 4 0 3 1 0 0 1 0 2 0 2 0 3 1 0 0 1 1 0 0 2 2 0 0 2 0 2 0 3 0 0 0 2 1 0 0 1 0 1 2 0 1 1 0 3 0 3 1 1 1 2 0 1 0 2 1 1 0 2 1 3 0 0 0 1 0 4 0 1 1 4 0 3 0 1
1 177 1 0 0 1 2 1 0 0 0 0 4 0 3 1 2 0 1 0 4 0 0 0 0 0 2 1 2 0 0 0 2 0 0 0 2 1 4 0 0 1 0 1 2 1 0 0 4 0 0 0 2 1 2 0 3 1 0 0 3 0 2 0 3 0 0 0 1 1 2 1 1 1 2 0 2 0 0 0 0 1 0 1 2 1 2 1 2 1 4 0 0 2 0 1 0 2 0 0 2 0 3 0 3 0 2 1 0 0 2 1 0 0 0 0 2 1 0 0 2 2 0 1 1 0 3 2 0 0 0 0 1 1 1 1 0 1 0 0 2 0 3 2 0 0 1 1 2 0 2 1 3 0 3 0 2 1 0 1 2 1 1 0 0 1 1 0 2 1 3 2 0 0 3 0 1 1 3
0 177 2 0 1 0 3 2 0 0 0 1 4 0 2 1 4 0 2 1 3 1 1 0 0 1 0 1 4 0 0 0 4 0 0 1 1 0 2 1 2 0 0 0 3 2 0 1 3 1 1 1 0 2 0 0 2 1 0 1 2 0 0 0 1 1 1 0 3 0 4 0 2 0 3 0 4 0 0 0 1 0 0 1 0 0 0 0 0 0 2 1 2 2 0 0 0 1 3 2 0 0 2 0 2 0 0 1 0 1 0 1 0 0 0 1 0 1 0 1 1 1 0 0 1 1 3 0 3 1 0 0 3 0 1 2 0 2 0 1 0 0 3 0 3 1 3 0 3 1 1 0 1 0 2 0 0 1 1 0 4 0 1 0 1 0 1 1 1 0 2 0 4 0 0 2 0 0 1
0 177 4 0 2 1 3 0 3 1 1 1 3 0 1 0 3 0 1 0 1 1 2 0 1 0 0 1 2 1 1 1 3 1 2 0 1 1 0 1 4 0 0 1 3 1 0 1 1 1 3 0 0 1 3 2 0 1 1 0 3 0 0 0 3 0 1 1 2 0 4 0 0 0 2 0 3 1 1 0 2 0 0 2 0 0 0 0 0 1 1 0 0 0 3 1 1 1 2 0 3 1 4 0 4 0 0 2 0 2 0 2 0 0 1 0 0 0 0 0 1 2 0 0 3 1 1 0 2 1 0 1 1 2 0 1 0 1 4 0 4 0 1 0 3 0 1 0 2 1 2 0 2 0 4 0 1 0 1 1 3 1 3 0 2 0 3 0 1 1 0 0 3 1 2 1 3 1 2
1 178 1 4 0 1 0 1 0 2 1 3 1 0 1 3 1 1 1 3 0 3 0 3 0 2 0 1 0 4 0 2 1 1 1 4 0 3 0 0 1 2 1 2 1 1 1 1 0 2 1 0 1 2 1 2 1 0 0 1 1 1 1 1 1 1 1 4 0 3 1 3 1 1 1 0 0 2 1 2 0 4 0 1 1 3 1 0 0 1 0 1 0 0 1 2 1 3 0 3 1 3 0 3 0 3 1 2 2 0 2 0 1 3 1 2 0 0 0 0 0 3 1 4 0 1 1 2 1 0 1 1 0 2 2 0 0 0 1 3 0 3 1 3 1 1 1 3 1 0 2 0 0 0 0 3 1 3 0 3 1 2 0 1 0 0 0 1 1 3 2 0 1 3 0 0 0 1 2 0
1 179 1 1 2 1 3 0 2 1 1 0 1 1 1 1 1 1 3 1 1 0 2 0 1 2 0 1 3 1 4 0 0 1 3 1 3 0 1 1 2 0 4 0 4 0 2 0 1 1 0 1 1 0 4 0 3 2 0 0 3 0 2 0 2 0 2 1 3 0 3 0 1 1 2 2 0 1 0 2 0 0 3 2 0 0 1 1 0 0 2 0 2 0 1 1 0 0 1 0 3 0 1 0 2 0 3 0 0 1 0 2 0 1 1 1 4 0 0 0 0 1 3 0 2 1 4 0 4 0 0 0 1 1 1 0 3 1 1 1 1 0 3 0 1 1 3 1 1 1 1 1 3 1 0 1 3 0 1 0 2 1 4 0 2 0 0 0 3 1 2 1 0 1 0 1 1 0 3 1 3
0 179 3 1 0 0 1 0 0 1 2 0 3 0 2 0 2 1 1 1 2 0 4 0 3 2 0 1 2 0 2 1 2 1 2 0 0 1 4 0 3 1 4 0 3 2 0 1 4 0 0 0 1 1 4 0 3 0 4 0 1 0 0 0 0 0 1 0 1 0 1 2 0 0 0 1 0 0 0 1 4 0 2 0 3 1 2 2 0 0 4 0 4 0 2 2 0 0 2 1 1 1 3 1 0 0 1 1 2 0 0 2 0 0 2 1 2 1 1 0 1 1 1 0 1 0 3 0 3 1 1 0 3 0 1 1 2 1 3 0 1 1 1 2 0 0 1 1 3 0 2 1 1 1 1 1 0 1 3 1 1 0 2 2 0 1 1 1 2 2 0 1 1 0 0 0 1 1 3 0 1
1 180 1 2 1 0 0 2 0 1 0 3 1 2 0 0 0 0 1 3 0 3 1 4 0 3 1 0 0 3 1 0 2 0 1 4 0 1 1 3 0 3 0 3 0 3 1 0 1 2 1 1 0 3 1 3 0 2 0 3 1 3 0 0 0 0 0 2 0 2 0 3 1 3 1 0 2 0 0 1 1 3 0 0 0 3 0 0 0 4 0 3 0 4 0 1 0 3 2 0 1 3 1 1 1 0 0 3 0 3 0 1 1 3 2 0 2 0 1 2 0 3 0 1 0 2 1 2 0 2 1 2 1 1 2 0 0 0 0 0 1 4 0 2 1 3 1 3 1 1 0 0 1 3 0 2 0 0 1 1 1 2 1 1 1 0 0 2 1 0 1 0 0 1 0 0 0 3 1 0 1 3
0 181 1 0 3 2 0 0 4 0 2 1 2 1 4 0 0 0 1 1 1 0 3 0 3 0 2 1 0 1 2 1 1 2 0 1 2 2 0 0 1 0 2 0 2 0 2 1 1 0 4 0 1 1 3 0 1 0 0 0 3 0 0 1 1 0 0 1 0 0 0 0 3 0 1 1 1 1 3 1 3 1 0 1 1 1 1 1 1 1 4 0 2 0 3 1 3 1 3 1 0 1 1 1 2 2 0 1 2 0 1 2 0 0 2 1 0 2 0 0 3 1 1 1 3 1 0 2 0 0 0 2 0 1 3 1 3 1 0 0 1 1 3 0 1 0 2 0 1 1 2 0 1 1 0 2 0 1 2 0 2 0 4 0 1 2 0 1 0 1 0 2 0 0 2 0 0 1 2 1 1 1 1
0 181 2 1 3 0 4 0 3 0 1 0 0 0 2 1 1 0 3 0 1 1 2 0 2 0 0 1 1 0 4 0 2 2 0 1 0 0 3 1 2 1 0 0 0 0 0 1 2 1 3 2 0 0 0 1 3 0 0 1 1 1 2 0 1 0 0 2 0 0 0 1 1 1 4 0 2 1 2 0 1 1 1 0 2 0 2 0 2 1 3 0 0 0 3 0 2 0 1 1 1 0 2 1 0 1 0 0 3 0 3 1 3 2 0 1 1 1 4 0 1 1 3 1 1 1 1 1 3 1 1 2 0 1 2 0 1 1 0 0 3 1 0 1 3 0 4 0 3 0 3 0 3 0 0 2 0 0 3 1 0 0 3 2 0 1 0 0 0 0 0 1 3 1 4 0 1 0 4 0 2 0 1
1 182 1 1 0 1 0 4 0 1 1 3 0 0 1 0 1 2 1 1 1 4 0 3 0 4 0 1 0 1 1 4 0 1 0 4 0 4 0 1 2 0 1 0 0 0 0 1 1 0 0 2 0 3 1 1 1 0 1 2 0 2 0 3 0 2 0 1 1 3 1 1 0 2 1 3 0 0 1 4 0 3 0 1 1 0 0 0 0 1 0 0 1 1 1 1 2 0 1 4 0 1 1 0 1 0 2 0 1 2 0 3 0 2 1 0 0 2 1 2 2 0 0 1 1 3 0 2 1 1 1 3 2 0 0 3 0 2 2 0 1 2 1 1 1 1 0 4 0 2 0 2 0 1 1 2 1 4 0 1 1 0 1 3 0 4 0 3 1 0 0 1 1 2 0 2 1 3 1 3 2 0 1 3
0 183 1 0 1 0 2 1 3 2 0 0 0 1 2 0 0 0 4 0 2 1 3 0 2 0 3 1 3 0 3 1 2 1 3 1 4 0 3 2 0 0 4 0 3 1 0 0 2 2 0 1 0 0 2 1 3 0 0 0 3 1 0 0 1 2 0 2 0 0 1 1 2 1 1 0 0 1 2 1 3 0 1 1 3 2 0 0 0 0 2 0 1 0 2 0 2 2 0 1 2 1 4 0 0 0 0 2 0 0 3 1 2 0 0 1 0 1 1 0 0 0 3 1 3 1 1 0 0 1 3 1 2 0 4 0 1 0 1 1 0 0 4 0 2 0 1 1 3 2 0 2 0 2 0 0 0 0 2 1 4 0 0 1 1 0 4 0 2 1 0 0 3 0 3 1 1 0 2 0 2 1 0 1 1
0 183 2 0 2 1 1 0 2 0 3 1 1 0 3 0 0 1 4 0 1 0 1 0 0 0 3 0 1 0 3 0 0 0 2 0 3 0 3 0 4 0 3 0 2 1 0 1 1 0 4 0 4 0 0 0 0 1 1 1 2 1 0 0 3 2 0 1 3 1 3 0 4 0 1 0 1 1 0 0 0 2 0 0 2 0 3 1 0 0 4 0 2 1 0 0 1 1 0 1 0 0 2 1 1 0 1 1 4 0 1 1 4 0 1 0 0 0 1 0 0 1 3 0 1 1 2 0 1 1 1 2 0 0 3 1 3 0 2 2 0 1 3 2 0 2 0 0 2 1 0 2 0 1 3 1 0 1 1 0 2 1 2 0 1 1 4 0 0 1 0 1 2 0 2 1 2 1 0 0 0 1 1 0 1
0 184 1 0 0 0 1 2 1 0 0 2 1 2 1 1 1 2 1 2 1 3 0 2 0 0 1 1 1 3 1 1 1 1 1 0 0 2 0 2 0 4 0 2 0 0 1 1 0 1 1 4 0 3 1 1 0 1 0 2 0 3 2 0 1 3 1 0 1 2 0 1 0 3 1 3 0 2 2 0 0 1 1 3 2 0 0 2 1 0 1 4 0 0 1 0 0 2 2 0 2 0 1 0 1 2 0 3 1 2 2 0 0 2 1 3 0 0 0 2 0 1 1 0 1 4 0 3 0 3 0 2 1 4 0 2 0 1 0 1 1 0 1 2 1 0 1 3 2 0 1 1 2 0 1 1 1 1 0 1 1 0 1 4 0 3 1 2 1 2 0 0 0 3 1 0 2 0 1 0 0 1 0 1 0 2
1 184 2 0 0 1 0 3 2 0 1 0 2 0 1 3 1 0 0 0 0 0 2 0 1 2 0 2 1 1 1 3 0 1 2 0 1 0 0 0 0 3 2 0 1 2 0 1 0 3 1 3 0 2 1 2 0 2 1 0 0 3 1 0 1 1 1 1 0 3 0 2 1 3 0 1 0 1 0 3 1 3 1 2 0 3 2 0 1 1 1 2 1 1 2 0 1 1 1 0 2 0 0 0 0 3 1 3 0 0 0 4 0 0 0 0 1 1 0 4 0 3 0 0 1 3 0 2 0 2 0 1 0 2 2 0 1 3 0 3 0 0 0 4 0 0 1 2 1 0 0 2 2 0 0 2 0 1 0 3 0 0 1 3 0 2 2 0 1 4 0 0 1 2 1 1 1 4 0 3 1 2 0 2 1 0
1 185 1 1 3 1 2 1 3 1 0 0 0 2 0 1 1 1 0 0 0 0 1 2 0 0 3 1 0 1 3 1 0 2 0 0 4 0 3 1 0 1 3 1 0 0 3 0 2 1 3 0 1 0 0 2 0 0 0 1 0 1 2 1 1 0 2 0 1 1 2 0 1 0 0 1 3 0 2 1 3 0 1 2 0 0 3 1 0 0 2 0 4 0 2 2 0 0 2 0 0 1 3 1 0 1 3 0 0 1 1 1 3 1 1 0 1 0 1 1 4 0 1 1 2 1 0 2 0 2 0 1 3 1 1 1 0 1 1 0 1 1 1 1 3 1 2 0 3 2 0 1 1 0 3 1 4 0 2 1 1 1 2 1 1 0 1 1 0 1 2 1 2 0 4 0 2 1 3 0 2 2 0 0 0 1 0
1 185 3 1 2 0 0 0 1 1 0 0 1 2 0 0 1 2 0 0 0 0 3 1 4 0 1 1 1 1 1 1 1 1 4 0 3 0 2 1 1 1 1 1 0 1 2 0 1 0 0 1 3 0 1 1 3 1 1 0 0 0 4 0 1 0 4 0 3 0 3 0 2 0 1 1 1 0 1 0 0 2 0 0 4 0 1 1 0 1 0 0 4 0 1 0 3 1 4 0 1 1 1 1 1 1 0 1 2 0 2 1 1 1 2 0 2 0 3 1 2 1 4 0 4 0 0 2 0 2 0 1 1 1 3 0 0 0 1 0 3 0 2 1 1 2 0 0 3 1 0 0 1 1 3 0 3 0 0 1 3 0 4 0 1 0 3 0 0 0 4 0 3 1 4 0 1 0 1 0 1 0 3 1 0 2 0
1 186 1 2 1 4 0 0 0 2 2 0 0 3 1 3 1 3 1 3 1 0 1 3 0 2 1 4 0 2 0 2 0 2 1 3 0 2 0 0 1 3 0 2 0 0 0 3 0 2 0 1 1 0 2 0 0 1 1 2 0 0 1 3 1 3 1 4 0 2 0 1 2 0 1 4 0 1 0 2 0 1 1 4 0 2 1 3 2 0 2 0 1 3 1 3 1 3 0 2 1 4 0 2 0 2 0 0 0 3 1 0 1 3 0 3 1 0 0 3 0 0 0 3 0 3 1 2 2 0 2 0 0 2 1 0 1 1 0 2 1 2 0 0 1 3 1 4 0 1 1 0 0 3 1 1 0 1 1 2 1 1 0 3 1 3 1 1 1 1 1 4 0 3 0 2 1 3 0 2 0 2 1 2 1 1 1 3
0 187 1 1 0 0 2 1 1 1 1 0 4 0 2 0 2 0 2 0 1 1 1 1 1 0 1 0 3 0 0 0 0 0 1 0 0 2 0 1 2 1 0 2 0 1 1 1 1 2 0 1 4 0 0 1 3 1 3 0 3 0 1 1 2 0 2 0 2 2 0 2 0 1 0 1 2 1 3 0 4 0 3 1 3 0 1 0 2 1 0 2 0 1 2 0 2 0 1 0 1 0 2 2 0 2 0 1 1 1 2 1 1 1 1 0 2 1 0 1 1 1 1 1 2 0 3 0 0 1 0 1 3 2 0 1 1 0 1 1 0 1 4 0 1 1 2 0 2 1 3 2 0 1 2 1 2 0 3 0 4 0 1 1 3 0 1 1 3 0 2 1 3 0 2 0 1 0 1 0 0 0 0 2 0 1 3 1 1
0 187 2 2 0 1 0 1 3 0 1 1 3 2 0 2 0 2 0 1 4 0 2 0 1 0 2 1 1 1 1 0 0 0 2 0 1 2 0 0 4 0 0 2 0 0 2 0 2 2 0 1 2 1 2 1 2 0 1 0 1 1 4 0 3 1 0 0 1 1 0 2 0 0 0 1 0 0 1 0 4 0 3 0 0 1 3 1 0 1 1 2 0 0 3 0 4 0 2 0 2 1 1 1 0 2 0 0 2 0 4 0 2 0 1 1 0 1 1 0 2 0 2 0 3 1 1 1 2 0 0 1 2 1 0 0 1 0 3 0 0 1 2 1 4 0 3 1 1 0 2 1 0 0 4 0 3 1 2 0 3 2 0 0 0 2 0 0 1 0 1 0 0 2 0 1 3 0 2 0 0 0 1 2 0 1 1 1 2
1 188 1 1 1 0 0 0 1 0 2 0 0 2 1 0 2 0 2 0 1 2 2 0 1 3 1 0 1 3 0 1 0 0 0 4 0 3 1 4 0 2 1 2 1 3 2 0 0 1 1 0 0 4 0 4 0 3 0 2 0 3 1 3 0 2 1 0 0 3 0 0 1 3 1 0 2 0 0 2 1 4 0 1 1 2 1 1 1 1 0 2 1 4 0 1 0 4 0 0 0 0 1 3 0 0 1 3 2 0 0 3 2 0 1 4 0 0 0 1 1 0 0 0 0 2 1 3 0 3 0 1 0 3 2 0 0 2 1 1 1 2 1 0 0 3 0 2 1 2 1 0 1 0 1 4 0 2 2 0 0 3 0 3 1 1 1 3 1 2 0 2 0 1 2 0 1 0 2 0 1 1 0 3 2 0 0 2 0 3
0 189 1 0 1 2 0 0 1 0 0 1 3 2 0 1 1 2 0 2 0 1 0 1 0 1 1 1 1 1 0 1 3 0 0 1 4 0 3 0 3 0 1 0 0 0 2 0 3 1 2 2 0 1 4 0 4 0 2 0 0 0 3 0 1 0 0 1 0 1 1 1 2 1 1 1 1 1 4 0 0 0 2 1 4 0 4 0 2 0 1 1 1 0 2 1 3 1 3 1 1 0 1 1 0 1 2 1 2 0 4 0 2 1 0 1 2 1 1 0 2 2 0 0 0 1 1 0 1 0 1 1 3 1 3 0 3 2 0 1 3 0 3 2 0 1 2 0 0 2 0 1 1 0 0 1 3 0 1 0 4 0 1 0 2 1 3 1 1 1 4 0 4 0 3 2 0 0 0 2 0 0 1 1 3 0 3 2 0 0 2
1 189 2 0 3 1 3 1 2 0 1 1 2 1 0 0 2 2 0 2 0 0 0 0 0 0 2 0 2 0 0 1 0 1 2 1 3 0 2 0 1 1 3 0 0 1 0 0 3 0 0 1 0 1 3 0 3 2 0 1 1 1 1 1 3 0 1 0 0 0 2 0 4 0 2 0 2 1 2 1 1 1 1 0 3 0 3 2 0 1 4 0 1 1 1 0 2 0 1 1 2 0 3 0 0 0 4 0 3 1 4 0 0 1 1 0 4 0 1 1 1 0 3 1 1 0 1 0 2 0 3 1 2 0 1 0 3 1 0 1 1 0 3 1 0 0 3 0 1 2 0 0 1 0 1 1 0 1 3 1 3 1 3 1 1 0 1 1 3 1 3 0 4 0 3 0 3 1 1 1 3 1 3 1 1 0 3 0 3 2 0
1 190 1 0 0 3 0 1 1 4 0 3 0 3 2 0 1 1 1 0 1 3 1 0 0 0 0 4 0 4 0 1 0 0 1 0 0 0 2 0 2 0 0 0 1 1 2 0 1 1 1 2 0 0 1 1 0 3 1 0 0 2 0 2 1 0 1 3 0 0 1 0 0 4 0 0 0 0 2 0 1 3 0 1 1 2 0 3 1 0 1 2 1 4 0 1 0 4 0 3 0 3 1 1 1 1 1 4 0 3 0 2 1 2 0 1 1 3 1 4 0 1 1 2 1 2 0 2 1 0 0 2 1 4 0 2 1 2 1 1 0 1 1 2 1 0 1 1 2 0 0 3 1 2 0 3 0 0 1 2 0 2 0 1 1 2 0 3 1 2 0 1 0 4 0 2 0 2 1 3 1 2 0 1 1 2 1 2 0 3 0 3
0 190 2 0 1 1 2 0 0 3 0 2 0 3 1 0 0 2 0 0 1 1 1 0 0 0 1 4 0 3 1 3 0 0 2 0 0 1 2 0 1 3 1 1 0 2 2 0 0 2 0 3 0 1 0 1 1 2 1 0 1 0 0 0 1 1 1 0 1 1 2 0 1 3 1 1 0 1 2 0 1 0 1 4 0 3 1 2 1 1 1 0 0 2 1 3 1 4 0 2 0 2 1 3 0 2 1 3 0 2 0 0 1 4 0 3 1 2 0 2 1 4 0 4 0 3 1 0 1 0 1 1 0 3 0 0 2 0 1 2 0 3 0 4 0 0 0 2 1 4 0 1 2 0 0 1 1 2 0 3 0 4 0 3 0 3 1 2 1 4 0 2 1 4 0 0 0 1 0 1 1 4 0 3 0 4 0 3 1 2 0 2
1 191 1 2 0 0 2 1 4 0 1 0 0 0 2 1 0 0 4 0 1 0 1 2 0 0 1 1 3 0 3 0 0 1 2 1 3 1 3 2 0 1 1 1 2 1 1 0 3 2 0 0 1 1 3 0 3 0 3 2 0 2 0 0 1 0 2 0 0 0 2 2 0 1 1 1 2 0 3 2 0 0 0 1 3 0 2 2 0 1 2 2 0 1 1 0 2 0 3 0 0 0 1 0 1 0 1 0 0 2 0 1 2 1 3 0 2 2 0 0 1 0 3 0 4 0 2 1 1 0 0 0 1 1 1 1 2 2 0 0 3 1 2 0 3 1 1 1 1 0 2 2 0 0 3 1 3 0 3 1 2 0 4 0 2 0 3 0 0 0 3 0 1 0 2 1 1 0 2 0 3 1 3 0 2 0 4 0 2 2 0 0 0
1 191 3 1 4 0 0 0 2 1 3 0 0 1 0 1 0 1 3 1 3 0 3 1 3 1 3 1 1 0 1 1 2 1 0 0 2 0 2 1 0 0 2 0 4 0 1 1 3 0 3 1 3 1 1 0 2 0 3 1 0 1 3 1 2 0 4 0 0 1 1 1 0 0 2 0 3 1 3 0 3 1 1 1 1 0 1 1 0 1 0 1 0 0 1 1 0 0 1 1 1 0 2 0 2 0 2 0 1 2 0 1 0 0 1 0 1 0 3 1 2 1 2 0 4 0 0 1 2 0 0 0 3 0 2 1 0 0 4 0 1 2 0 0 2 1 3 0 1 1 1 0 4 0 2 0 1 0 2 2 0 0 4 0 0 0 1 1 1 1 1 1 3 1 0 1 2 1 0 0 3 0 1 0 0 0 4 0 1 0 3 1 0
1 192 1 3 0 2 1 1 1 1 0 0 1 2 0 0 0 0 1 2 0 1 0 3 0 2 0 1 1 2 0 3 0 3 2 0 1 0 0 0 1 0 1 0 0 3 2 0 0 1 0 3 0 1 1 2 1 0 0 2 1 1 1 1 2 0 0 3 1 2 0 1 2 0 1 0 0 3 0 1 0 2 1 3 0 1 0 2 2 0 2 0 2 0 0 2 2 0 0 3 0 1 0 4 0 4 0 4 0 3 1 4 0 3 1 2 0 2 1 2 2 0 2 0 0 3 1 2 0 3 0 0 1 2 0 0 1 0 1 3 2 0 0 4 0 0 0 0 1 4 0 1 1 3 2 0 1 3 1 1 0 4 0 2 1 1 0 3 0 2 0 2 1 1 1 1 0 3 2 0 1 1 1 3 0 0 1 3 1 3 1 2 1 0
1 193 1 1 1 0 0 1 3 0 1 0 1 0 3 0 0 0 1 0 3 0 2 1 1 2 0 1 4 0 3 1 2 0 3 0 4 0 3 1 0 2 0 2 0 1 3 0 3 1 2 1 1 1 4 0 3 2 0 1 0 1 3 0 2 1 4 0 1 1 4 0 3 1 4 0 4 0 0 1 3 1 1 0 0 1 3 1 1 1 0 2 0 1 4 0 0 0 4 0 0 1 3 1 4 0 4 0 4 0 3 0 3 0 2 2 0 0 1 0 0 1 0 1 4 0 1 2 0 0 1 1 2 0 3 0 1 0 0 1 2 0 4 0 2 1 1 0 1 1 2 2 0 0 2 1 0 1 1 1 2 1 4 0 0 1 2 1 2 0 0 0 0 1 3 0 1 1 3 1 0 0 2 1 0 1 2 1 2 0 1 2 0 1 0
1 193 3 0 1 0 1 1 0 1 3 0 2 1 1 1 1 0 2 1 2 0 0 1 3 2 0 1 3 0 2 2 0 0 2 0 4 0 2 1 1 2 0 2 0 1 1 0 2 2 0 1 3 1 3 0 3 1 0 0 0 1 1 0 1 0 2 2 0 0 3 0 3 0 3 0 3 1 2 1 1 1 2 0 1 1 1 1 3 0 0 2 0 1 2 1 1 1 3 1 2 1 2 0 3 0 4 0 4 0 2 0 2 0 1 0 3 1 2 0 1 0 0 1 2 2 0 0 3 1 3 0 3 1 1 1 3 0 1 0 3 1 4 0 0 1 2 0 3 1 0 0 3 2 0 1 1 0 2 1 0 0 2 1 2 0 4 0 3 0 0 0 1 1 0 2 0 0 1 1 0 1 0 1 1 0 4 0 3 0 3 1 4 0 3
1 194 1 1 1 3 0 3 0 0 1 1 0 0 1 3 0 1 1 0 1 4 0 1 1 2 1 0 1 1 0 1 0 3 2 0 0 4 0 0 1 3 2 0 2 0 0 1 1 1 1 0 1 2 0 1 0 2 1 0 0 1 0 1 0 2 1 1 0 4 0 1 0 2 0 2 0 2 2 0 1 3 0 3 0 3 0 2 1 0 1 2 2 0 0 4 0 2 1 1 2 0 2 0 0 2 0 4 0 3 2 0 2 0 1 3 1 2 1 4 0 2 0 1 1 0 0 4 0 2 0 1 0 2 1 3 1 0 1 3 1 3 0 2 1 2 0 3 1 2 1 0 1 3 1 0 0 1 1 0 1 0 1 0 2 0 0 4 0 1 1 1 0 3 0 0 1 3 1 3 0 0 0 0 0 1 1 4 0 2 0 3 0 3 0 2
0 195 1 0 2 1 1 0 1 1 2 0 1 0 1 1 0 1 4 0 0 1 2 1 4 0 4 0 0 0 1 0 2 1 3 0 4 0 2 1 2 1 2 1 0 1 3 1 3 0 2 0 0 0 3 0 2 1 0 1 0 0 2 0 2 1 0 1 2 1 3 1 3 1 0 0 0 0 1 1 0 1 1 0 2 0 2 0 0 1 1 1 0 0 4 0 3 0 0 1 3 2 0 1 3 2 0 0 4 0 3 1 0 2 0 1 2 0 0 0 2 2 0 1 3 2 0 1 3 2 0 1 3 1 1 0 1 1 1 1 2 0 1 0 0 2 0 0 2 2 0 1 1 1 1 1 0 0 3 0 0 0 0 0 0 1 4 0 2 1 4 0 1 1 1 1 2 1 2 0 0 1 1 0 0 0 3 1 3 0 0 0 2 0 2 0 0
0 195 2 1 0 1 2 0 3 0 3 0 2 0 3 0 0 1 2 1 2 1 0 0 3 0 3 1 1 0 2 1 1 0 1 0 4 0 0 2 0 2 0 1 1 1 2 0 0 2 0 1 1 1 2 0 0 1 0 2 0 1 0 0 0 1 1 1 0 0 2 0 1 1 0 0 0 0 3 0 0 0 1 0 4 0 4 0 1 0 1 2 0 1 4 0 1 1 2 1 2 1 0 1 2 0 4 0 3 0 2 1 1 2 0 0 3 0 0 1 1 1 0 1 2 1 0 1 2 1 0 1 1 1 2 0 3 0 2 0 3 0 2 0 1 1 4 0 0 1 0 0 2 0 1 2 0 1 1 1 1 0 0 0 1 1 3 0 1 0 2 1 4 0 2 0 4 0 3 0 1 0 1 0 0 1 3 0 0 1 1 0 4 0 4 0 0
0 196 1 0 1 1 0 3 1 2 0 2 0 0 0 1 1 2 0 4 0 3 2 0 1 2 0 2 1 2 1 0 1 2 0 2 1 3 1 2 2 0 2 0 0 2 0 3 0 1 2 0 0 2 0 3 0 1 0 0 1 4 0 3 1 1 0 1 2 0 0 4 0 2 2 0 0 0 1 1 1 1 0 2 1 4 0 3 1 3 0 3 2 0 1 2 1 4 0 4 0 4 0 0 0 3 1 4 0 2 0 0 1 3 1 4 0 0 1 2 0 2 0 0 0 4 0 0 0 4 0 0 0 2 0 3 1 2 0 0 0 1 2 0 2 0 0 2 1 1 2 0 0 4 0 3 2 0 0 2 0 1 0 0 0 3 1 0 1 3 1 1 0 3 0 0 0 4 0 1 1 3 0 2 0 1 1 0 1 2 0 1 1 4 0 3 1 1
0 197 1 0 0 0 1 1 2 1 4 0 4 0 0 0 3 0 3 1 4 0 3 1 0 0 3 1 0 2 0 1 1 0 3 1 1 0 2 0 0 1 0 1 3 2 0 0 1 2 0 0 3 2 0 0 1 1 3 0 1 1 3 0 2 1 2 0 3 1 4 0 3 0 1 0 3 1 1 0 2 0 1 1 1 0 3 0 3 0 1 0 3 1 0 1 0 0 3 0 4 0 3 1 1 1 3 0 2 2 0 1 2 1 2 0 2 1 2 0 3 0 4 0 0 1 3 1 1 1 3 1 1 1 0 0 2 1 4 0 0 0 3 2 0 1 3 2 0 1 3 1 4 0 3 0 3 0 3 1 4 0 2 0 0 1 2 1 1 1 1 1 2 1 1 1 1 1 3 2 0 0 0 2 0 1 4 0 0 0 3 0 3 1 3 0 2 1 2
1 197 2 0 0 0 3 1 0 0 3 0 3 1 1 1 2 0 3 0 3 0 2 1 0 1 2 1 1 2 0 0 1 1 2 1 2 0 4 0 1 0 0 1 2 0 3 1 3 1 4 0 2 0 3 1 3 1 0 2 0 0 1 0 0 2 0 0 3 0 3 0 1 1 3 1 2 1 2 0 4 0 3 0 1 1 2 0 1 1 3 1 2 1 0 2 0 1 2 0 4 0 2 1 3 1 1 0 1 1 0 0 4 0 3 1 0 2 0 0 2 0 3 1 2 1 1 1 3 1 1 1 2 2 0 1 1 0 2 1 1 1 3 1 0 1 2 1 0 1 2 0 3 0 2 0 2 0 3 0 2 2 0 1 2 0 4 0 2 0 2 0 4 0 2 0 2 1 2 0 3 1 1 2 0 1 2 1 1 1 2 0 3 0 1 0 0 2 0
1 197 4 0 0 1 2 1 0 1 2 0 2 1 3 0 3 1 2 0 2 0 0 1 1 0 4 0 2 1 3 1 3 0 4 0 3 1 3 1 3 0 1 0 3 1 3 0 2 0 3 0 0 0 3 0 1 1 1 1 3 1 2 0 1 1 4 0 1 0 1 2 0 0 1 2 0 2 0 0 4 0 1 1 4 0 3 0 3 1 1 2 0 1 1 2 0 0 3 1 4 0 1 0 1 1 2 0 2 2 0 1 4 0 2 1 1 1 3 2 0 0 2 2 0 1 3 1 1 1 3 1 0 1 0 0 1 1 0 1 3 1 1 1 1 0 4 0 0 0 3 1 2 0 0 0 0 0 2 0 1 1 0 0 3 1 4 0 0 0 0 0 4 0 0 0 0 2 0 0 2 1 3 2 0 0 4 0 2 0 3 1 1 1 3 0 1 1 3
0 198 1 3 1 2 0 4 0 0 0 3 1 1 0 1 0 2 1 4 0 4 0 1 0 1 1 4 0 1 0 2 0 1 0 4 0 3 0 2 0 0 1 3 1 3 0 1 0 0 0 1 1 1 1 1 1 4 0 2 1 1 1 4 0 3 1 2 1 3 0 3 1 3 1 3 2 0 1 4 0 2 2 0 0 3 0 2 0 2 1 3 2 0 0 2 1 4 0 2 0 2 1 3 0 3 0 3 1 1 1 0 1 3 0 0 1 3 1 2 0 4 0 0 1 0 1 1 1 3 1 1 1 0 2 0 0 3 0 0 1 1 1 3 0 1 1 3 1 1 1 2 1 4 0 0 0 0 0 4 0 2 2 0 1 3 0 2 1 1 0 0 1 3 1 1 0 1 1 4 0 0 0 2 0 4 0 3 0 0 0 2 1 3 1 0 2 0 0 1
0 199 1 1 1 2 0 0 3 1 1 1 2 1 2 0 2 1 1 0 3 0 3 1 3 0 3 1 2 1 3 0 4 0 2 1 4 0 1 2 0 1 2 1 2 0 0 1 3 0 0 0 3 0 2 0 2 1 3 0 0 1 3 1 3 0 3 0 0 0 1 0 3 0 2 0 2 1 0 1 3 0 1 0 4 0 1 0 0 0 1 0 2 0 4 0 0 0 3 0 0 0 1 0 1 0 2 0 2 1 3 0 0 1 0 1 2 1 1 2 0 0 3 1 2 0 0 0 2 1 1 1 3 0 0 1 4 0 0 1 2 0 2 1 0 2 0 0 1 1 3 1 0 0 2 1 1 0 0 1 4 0 1 1 0 1 1 0 0 1 2 0 1 1 1 1 2 0 3 1 2 1 1 1 0 0 4 0 1 1 1 1 1 0 1 1 1 1 3 1 2
1 199 3 0 2 1 4 0 1 1 3 0 4 0 3 1 0 1 2 1 2 0 3 0 1 0 3 0 0 0 1 0 4 0 1 0 2 2 0 1 0 0 4 0 3 0 1 1 0 1 1 1 2 0 0 0 1 0 0 1 2 1 2 0 1 0 1 1 1 0 2 1 2 0 0 0 0 1 1 1 0 1 3 1 3 1 3 0 0 0 2 1 0 0 3 1 1 1 1 1 1 0 2 0 2 1 0 0 1 0 0 1 2 0 0 0 4 0 2 1 4 0 1 1 4 0 0 1 0 1 3 1 0 1 2 1 2 1 2 0 3 1 0 1 1 1 3 1 3 1 1 1 0 1 0 1 2 0 1 1 2 1 4 0 0 0 1 0 1 0 3 0 3 0 2 0 3 1 2 2 0 1 2 2 0 1 3 1 4 0 2 0 1 0 3 0 2 1 1 2 0
1 200 1 2 0 1 0 2 2 0 0 1 0 4 0 2 1 1 0 4 0 3 1 1 1 3 1 1 1 1 0 2 1 3 1 3 1 1 0 4 0 4 0 3 0 1 1 4 0 0 0 2 0 3 0 0 0 2 0 1 0 4 0 3 0 2 0 3 0 1 1 0 1 4 0 0 0 1 0 2 0 0 1 2 0 2 0 0 1 1 1 0 1 0 1 2 1 3 0 2 0 1 1 0 0 0 1 0 0 2 0 1 0 3 0 0 1 4 0 1 0 2 2 0 0 2 1 2 0 0 1 1 1 1 0 4 0 4 0 3 1 2 1 1 0 2 1 2 0 1 1 3 0 0 0 0 0 3 0 3 1 0 0 2 1 1 0 2 0 2 1 2 0 2 0 0 0 3 0 0 1 0 1 0 1 0 1 2 0 2 2 0 1 3 1 2 0 0 1 3 1 3
0 201 1 0 3 0 2 1 1 0 3 1 2 1 4 0 0 1 2 1 4 0 2 1 3 1 1 1 3 0 1 1 1 0 2 0 1 1 2 1 4 0 4 0 1 2 0 0 2 1 1 1 0 0 1 1 1 0 4 0 2 1 4 0 2 0 0 0 1 1 4 0 0 1 2 1 1 0 2 0 4 0 1 0 3 0 4 0 1 0 2 0 0 0 0 1 0 0 0 2 0 1 3 2 0 0 0 2 0 0 4 0 2 1 1 1 2 1 2 1 3 1 1 0 3 2 0 1 4 0 1 0 2 0 1 1 4 0 4 0 2 2 0 1 2 1 0 1 4 0 3 1 0 1 1 0 0 1 2 0 2 1 0 1 0 1 2 1 0 0 0 1 4 0 4 0 0 1 1 1 2 0 0 0 0 0 0 0 3 1 1 1 0 1 1 1 4 0 1 1 2 0 1
1 201 2 1 2 0 0 1 2 1 3 0 0 0 2 1 2 1 0 0 3 0 1 0 1 1 3 1 0 1 4 0 1 0 4 0 3 1 0 0 3 0 3 2 0 0 3 2 0 1 2 2 0 0 3 0 1 1 4 0 1 0 2 2 0 1 1 0 3 1 2 1 2 0 4 0 1 1 0 0 3 1 3 1 2 0 3 1 3 0 4 0 0 0 0 2 0 0 1 2 0 1 2 0 3 1 1 1 4 0 3 0 0 1 3 1 0 0 0 0 1 1 2 1 3 1 0 1 2 1 3 0 4 0 3 1 3 0 4 0 1 1 0 0 4 0 0 1 3 0 2 1 1 0 1 0 1 0 3 1 0 1 1 0 0 0 3 2 0 0 1 1 3 0 3 1 2 0 2 0 3 0 0 0 0 0 0 1 2 1 3 0 0 0 2 1 2 1 4 0 3 0 2
0 202 1 0 1 4 0 1 1 0 0 0 1 1 1 0 2 0 1 0 1 1 1 3 0 3 1 1 1 1 1 2 1 3 1 4 0 2 1 0 1 2 0 3 0 4 0 2 1 0 1 0 0 4 0 0 2 0 0 2 1 3 1 1 1 0 0 1 1 2 2 0 2 0 0 3 1 3 2 0 1 3 0 1 2 0 0 3 0 1 0 3 1 1 0 1 1 3 1 3 2 0 0 3 1 2 1 3 1 3 0 1 1 2 1 1 1 0 0 0 0 3 1 0 0 1 1 1 1 0 0 1 0 4 0 3 0 1 0 3 1 3 2 0 1 3 1 2 1 1 0 0 1 2 0 2 0 2 1 2 1 1 0 1 0 0 1 3 0 3 1 3 1 1 0 2 2 0 0 0 0 1 1 1 0 0 0 1 1 0 0 0 1 1 1 1 0 0 0 3 0 2 0 0
0 203 1 0 0 1 2 1 3 2 0 0 1 0 2 0 0 2 0 0 0 0 2 1 1 0 2 1 3 0 2 1 0 0 2 0 3 0 0 1 1 0 3 1 2 0 4 0 0 1 0 2 0 1 3 1 2 1 4 0 0 0 1 1 2 2 0 0 3 1 0 1 0 1 4 0 2 0 2 1 0 1 0 2 0 0 4 0 0 1 3 1 2 1 2 0 3 1 2 0 2 0 4 0 2 0 0 0 2 0 0 1 4 0 4 0 1 2 0 0 0 1 2 1 0 0 3 0 1 2 0 0 2 1 4 0 1 1 3 1 3 0 2 1 0 1 1 2 0 1 2 0 1 0 3 1 0 0 0 2 0 1 2 0 2 0 1 1 1 0 3 0 1 1 2 1 1 0 3 1 0 0 3 0 1 0 0 0 2 2 0 0 1 0 2 0 1 0 0 1 1 2 0 1 1
0 203 2 0 1 1 0 0 2 0 3 1 2 0 4 0 1 1 3 1 0 1 0 1 2 1 1 0 1 0 0 1 0 1 0 0 1 1 2 0 1 1 2 2 0 0 3 1 2 0 0 2 0 1 2 0 0 0 2 1 1 0 3 1 0 0 4 0 1 1 1 0 0 1 3 0 0 0 0 1 1 0 0 1 4 0 2 1 2 1 1 2 0 2 0 0 2 2 0 0 0 0 3 2 0 1 1 0 4 0 1 1 3 0 3 2 0 0 3 1 1 0 3 2 0 1 1 2 0 0 4 0 0 0 2 2 0 0 2 0 1 0 0 1 1 0 2 2 0 0 3 0 2 1 2 1 0 0 1 2 0 0 3 0 4 0 3 0 1 1 1 1 4 0 4 0 1 1 2 1 0 1 1 1 3 0 0 1 1 0 3 1 2 0 4 0 2 0 1 0 2 2 0 0 1
0 203 4 0 2 2 0 1 0 0 2 2 0 0 3 2 0 0 1 1 1 0 0 0 4 0 1 0 2 0 0 2 0 2 0 0 3 0 3 0 3 1 0 0 4 0 1 1 4 0 1 2 0 0 3 0 0 1 0 1 2 1 2 1 0 1 3 1 4 0 1 0 1 1 0 1 1 0 1 0 1 0 1 1 3 0 0 2 0 1 3 2 0 1 4 0 0 0 3 1 0 1 3 1 0 0 1 1 3 2 0 0 1 0 3 0 4 0 1 1 2 1 3 1 0 0 2 1 4 0 2 1 1 1 1 0 3 1 4 0 2 0 1 0 1 1 1 0 4 0 1 0 0 2 0 1 0 0 3 1 4 0 1 0 4 0 1 1 4 0 2 1 3 0 3 1 4 0 4 0 0 0 2 1 0 1 2 0 1 1 2 2 0 0 3 2 0 1 3 1 1 0 3 1 2
1 204 1 4 0 1 0 4 0 4 0 0 0 4 0 2 0 3 1 3 0 1 0 0 1 3 1 3 0 4 0 1 2 0 1 4 0 1 0 2 0 2 1 0 1 3 2 0 0 2 2 0 0 4 0 0 1 2 0 0 0 4 0 4 0 0 1 2 0 2 1 3 0 3 0 0 0 1 0 2 0 2 0 3 1 0 1 2 2 0 1 2 1 0 1 2 1 1 1 2 1 1 1 1 1 0 0 3 1 2 0 3 1 2 1 2 0 3 2 0 0 0 0 1 1 0 1 1 0 3 0 0 1 3 0 1 1 3 0 2 2 0 1 3 0 3 0 1 1 3 1 3 0 1 1 4 0 4 0 2 0 2 1 3 1 3 2 0 0 3 0 1 0 1 0 3 0 3 0 3 1 1 1 0 1 1 0 3 0 3 1 0 0 4 0 2 1 0 1 1 1 2 1 2 2 0
1 205 1 1 2 1 3 1 4 0 3 1 1 1 4 0 0 0 3 0 0 1 3 0 1 1 2 0 1 0 3 2 0 1 0 1 2 1 3 1 0 0 0 1 1 1 2 0 4 0 0 0 4 0 2 1 2 0 3 0 0 1 4 0 3 1 2 0 3 1 1 0 1 0 1 1 1 0 2 1 0 0 0 0 2 1 1 1 0 1 0 0 4 0 0 0 4 0 2 0 4 0 2 0 1 2 0 1 2 2 0 0 2 2 0 2 0 0 3 0 3 1 0 0 3 0 0 0 1 1 1 1 2 1 0 2 0 0 1 0 1 1 0 1 1 0 1 2 0 0 2 0 0 2 0 0 3 0 4 0 0 0 1 0 2 0 2 0 4 0 0 1 3 0 2 1 2 0 2 0 2 1 3 0 0 0 1 1 2 0 2 1 0 1 4 0 0 1 1 0 2 1 0 0 0 0 3
0 205 3 1 0 0 2 0 3 0 2 1 3 1 2 1 1 1 1 1 2 1 0 1 4 0 3 0 2 1 3 1 0 0 0 1 0 0 1 1 0 0 1 0 2 0 3 1 3 1 1 1 4 0 0 2 0 0 1 1 2 1 3 0 2 2 0 0 2 1 2 0 2 0 3 0 1 1 0 1 0 0 0 1 0 1 2 2 0 2 0 1 3 1 1 1 4 0 0 0 3 2 0 2 0 1 0 1 0 0 4 0 0 1 0 1 4 0 1 0 2 1 0 1 1 1 1 0 3 0 2 0 4 0 0 1 3 1 2 0 3 0 0 0 1 0 3 1 3 1 4 0 1 1 4 0 1 0 3 1 1 0 2 1 0 0 0 0 3 1 2 1 1 0 0 2 0 0 0 0 1 0 0 1 1 0 3 0 3 1 0 1 1 1 2 1 2 0 1 1 0 1 0 0 0 1 2
1 206 1 2 1 0 1 0 0 2 0 1 0 1 2 0 1 3 0 2 0 4 0 0 1 3 0 2 0 1 0 1 1 0 0 0 2 0 0 2 2 0 0 2 1 0 0 3 0 1 1 3 1 2 1 2 1 3 1 3 1 0 0 1 0 1 0 3 2 0 2 0 0 0 0 1 1 3 2 0 2 0 0 1 0 0 1 0 1 0 2 0 1 1 1 3 1 2 1 1 1 3 1 0 1 4 0 4 0 4 0 2 1 2 0 0 1 2 1 3 1 0 1 1 0 2 0 1 1 2 0 0 0 3 1 2 1 1 2 0 0 1 1 1 0 2 1 3 0 2 0 2 2 0 0 2 1 3 1 2 1 2 1 0 1 0 0 0 1 2 2 0 1 2 0 1 1 3 1 0 0 2 0 1 0 1 1 2 0 2 1 1 0 2 0 4 0 3 0 2 2 0 2 0 0 1 0 3
0 207 1 0 3 2 0 2 0 0 4 0 2 0 3 2 0 1 1 0 0 0 3 1 2 1 0 2 0 1 3 0 2 2 0 0 1 1 4 0 0 0 3 2 0 1 0 1 1 2 0 0 2 0 0 0 0 0 2 0 1 1 0 0 2 0 2 1 3 1 0 1 3 1 0 0 3 1 2 1 0 1 3 1 2 0 1 0 0 0 0 2 0 0 2 1 1 2 0 1 3 1 1 1 1 1 3 0 4 0 4 0 0 1 4 0 1 1 0 0 1 1 1 0 1 0 4 0 3 0 3 0 0 1 2 2 0 1 3 1 3 1 3 0 1 1 1 0 1 0 0 0 1 0 4 0 0 0 1 2 0 2 0 1 0 2 0 0 1 1 0 1 0 0 3 0 3 1 1 1 0 0 4 0 2 0 3 0 3 1 0 1 2 1 0 0 4 0 2 0 1 1 0 1 3 1 2 1 2
1 207 2 1 3 1 0 1 4 0 3 0 0 0 3 1 0 0 1 0 0 1 2 2 0 1 1 2 0 1 1 0 1 0 3 1 3 1 2 1 1 1 3 1 0 0 0 0 2 1 3 1 4 0 0 0 0 0 4 0 2 2 0 1 0 0 1 0 1 1 1 1 1 1 0 1 2 2 0 1 1 1 1 1 4 0 2 0 0 0 1 1 3 2 0 1 3 2 0 1 1 1 3 0 2 1 1 0 4 0 3 1 2 1 2 1 3 2 0 0 3 0 1 0 2 1 4 0 2 0 1 1 2 1 0 1 0 1 2 0 2 0 0 1 4 0 1 0 2 0 0 0 2 1 3 1 1 0 3 2 0 2 0 0 0 1 3 1 2 2 0 2 0 1 2 0 2 1 2 2 0 1 4 0 0 0 2 0 2 1 1 0 3 2 0 1 3 2 0 1 4 0 0 1 1 2 0 2 0
1 208 1 1 0 1 1 1 1 3 0 1 1 1 1 2 1 0 0 2 0 1 1 0 1 0 0 2 2 0 0 1 0 2 1 3 0 1 2 0 1 3 1 1 1 0 0 0 1 1 0 2 0 2 1 1 0 0 1 4 0 1 0 4 0 3 1 2 0 3 0 2 0 2 0 0 1 0 1 0 0 2 0 2 1 2 2 0 1 1 0 3 1 2 1 0 1 2 1 0 0 2 1 1 0 0 1 2 1 4 0 3 0 0 0 0 0 2 0 4 0 0 1 3 1 1 0 2 2 0 1 4 0 4 0 0 0 0 0 3 0 4 0 1 1 2 1 3 0 4 0 0 1 1 0 1 1 2 1 3 1 0 1 3 1 1 1 2 0 0 1 0 2 0 0 3 1 1 0 0 1 0 1 2 1 1 1 0 0 0 1 2 1 3 1 0 1 2 1 0 1 2 1 2 0 2 2 0 1 3
0 209 1 0 1 0 3 0 2 1 0 1 4 0 2 0 3 2 0 0 4 0 2 2 0 2 0 1 1 0 3 1 2 1 1 0 0 2 0 1 0 1 1 1 2 2 0 0 1 0 1 1 0 0 0 1 2 0 1 1 2 1 3 1 4 0 2 2 0 0 1 2 0 2 0 1 1 2 0 2 0 1 0 0 1 0 0 1 0 0 1 1 2 2 0 1 1 0 3 2 0 1 0 1 2 0 1 1 0 0 3 0 1 1 1 0 0 1 0 0 3 1 2 1 1 1 2 1 1 1 0 1 3 0 3 1 1 0 0 1 2 0 3 2 0 0 0 0 1 0 3 1 2 0 1 0 3 1 0 0 1 1 1 1 1 1 3 0 3 0 1 0 0 1 4 0 1 1 2 0 1 0 0 0 4 0 1 2 0 0 1 1 0 0 1 1 1 0 4 0 0 0 4 0 3 1 1 1 0 1 1
0 209 2 0 2 1 2 0 0 1 1 1 3 0 0 0 3 0 4 0 3 0 1 1 0 2 0 0 1 1 2 2 0 1 2 0 1 2 0 0 0 0 2 1 0 0 3 1 2 0 2 2 0 0 1 0 3 0 3 1 0 0 2 0 3 0 1 0 3 1 3 2 0 2 0 0 2 2 0 1 4 0 3 1 2 0 0 2 0 0 3 1 0 1 0 0 1 1 3 1 0 0 0 0 3 0 2 2 0 1 1 1 4 0 1 0 0 2 0 1 2 2 0 1 3 0 4 0 2 0 0 1 1 0 2 1 2 0 1 0 3 1 3 0 3 1 0 0 2 1 2 1 4 0 2 1 2 1 0 0 3 0 2 0 2 1 1 0 1 1 3 0 1 1 2 1 4 0 3 0 2 0 0 1 3 2 0 0 3 1 2 2 0 0 3 0 1 1 3 1 1 1 4 0 2 1 3 0 0 0 1
0 210 1 0 0 0 1 4 0 1 0 2 1 0 1 1 1 2 0 4 0 1 1 4 0 0 1 3 1 3 1 0 1 0 0 3 0 3 1 3 1 0 1 0 1 0 1 2 2 0 0 1 0 3 1 2 1 2 0 2 1 0 1 0 0 1 1 3 1 3 0 2 1 0 1 4 0 0 1 0 1 3 0 2 1 4 0 1 1 4 0 1 1 0 2 0 0 3 1 1 1 0 0 0 1 2 0 1 1 0 0 2 1 2 1 3 0 1 2 0 1 0 1 0 1 1 0 3 2 0 1 2 0 1 1 0 1 4 0 2 1 3 0 1 0 2 1 0 1 1 0 0 0 3 0 0 2 0 1 0 1 2 0 0 0 0 1 2 0 3 1 0 2 0 0 0 0 3 0 1 2 0 1 2 1 2 0 4 0 2 0 0 0 4 0 0 2 0 0 1 1 3 1 3 0 1 0 0 1 1 0 2
1 210 2 0 0 1 1 2 1 3 1 0 1 1 0 2 0 3 1 3 2 0 0 2 1 2 1 2 0 1 1 0 2 0 1 2 0 3 0 1 1 1 0 0 0 0 1 0 0 3 1 2 1 2 2 0 2 0 0 0 1 0 2 0 0 3 1 2 0 1 0 0 1 1 1 2 1 2 0 0 1 1 0 1 0 2 2 0 0 2 1 4 0 0 1 4 0 1 1 2 2 0 0 1 0 3 0 2 2 0 1 1 0 0 0 0 2 0 1 0 0 0 0 0 0 1 1 3 1 0 0 3 0 3 0 0 1 3 0 1 0 0 1 3 1 0 1 1 0 1 0 0 1 1 1 2 2 0 0 0 0 3 0 0 0 1 0 3 1 2 1 1 1 3 1 0 1 1 2 0 1 0 0 4 0 3 1 3 2 0 1 1 1 3 1 2 1 3 1 3 1 2 0 0 1 3 0 1 0 1 1 0
1 211 1 1 3 1 3 1 0 0 1 1 1 0 1 1 0 0 3 0 2 0 3 2 0 2 0 1 4 0 3 0 0 2 0 0 3 1 1 1 4 0 1 0 0 0 0 2 0 1 3 0 0 0 0 1 0 1 3 1 1 0 0 1 4 0 1 1 4 0 2 0 1 0 2 0 4 0 3 0 1 0 1 0 2 1 1 0 4 0 0 0 2 1 2 1 2 2 0 0 0 0 3 1 2 1 2 0 1 1 0 0 1 0 0 0 1 1 4 0 3 1 0 0 0 0 3 1 1 1 0 1 2 0 1 1 2 1 0 1 3 0 1 1 1 1 1 0 1 0 2 0 1 0 2 1 0 0 3 1 0 1 1 1 1 0 2 1 2 2 0 1 3 1 1 1 1 0 2 1 4 0 4 0 3 0 3 0 2 1 0 0 2 1 2 0 0 0 2 0 1 1 4 0 1 1 0 1 3 0 2 2 0
1 211 3 1 2 0 1 1 0 0 3 0 1 0 2 2 0 1 2 0 0 0 3 1 0 2 0 1 3 0 1 1 2 1 4 0 1 1 3 1 2 1 3 0 0 0 1 2 0 1 0 1 1 0 1 0 0 1 1 1 2 0 1 1 2 2 0 0 2 2 0 1 3 1 0 0 4 0 1 1 3 0 2 1 0 1 2 1 3 1 1 1 1 0 0 0 0 0 3 1 0 1 2 2 0 1 4 0 2 2 0 0 2 0 0 0 3 1 3 0 2 1 0 0 0 1 2 1 3 0 0 0 3 0 3 0 4 0 0 1 0 1 4 0 2 0 1 0 2 0 4 0 2 1 0 1 0 1 2 1 1 0 2 0 1 1 1 0 0 1 0 1 1 1 3 0 1 1 1 0 3 0 4 0 2 0 2 0 0 1 0 1 0 1 4 0 0 0 4 0 3 1 2 1 4 0 0 1 1 0 1 0 3
0 212 1 2 1 4 0 2 2 0 1 1 1 3 1 1 1 0 0 3 0 0 1 2 1 1 2 0 1 0 2 0 0 0 0 2 2 0 0 2 0 0 0 0 1 1 0 3 2 0 0 0 0 1 0 2 0 1 0 2 0 3 0 3 1 0 0 4 0 0 1 0 1 1 1 0 1 3 2 0 0 1 0 0 1 1 1 0 0 1 1 3 0 1 0 0 0 0 1 2 1 1 1 0 1 0 1 3 0 1 0 3 1 4 0 0 1 3 0 1 0 0 1 0 0 1 1 0 0 0 1 1 1 2 0 2 0 3 1 2 0 0 1 2 2 0 1 3 1 0 0 4 0 0 1 1 0 0 0 4 0 1 0 4 0 3 0 1 0 1 0 0 0 2 1 0 1 4 0 1 1 2 0 3 2 0 2 0 1 2 0 0 0 0 1 2 1 1 1 4 0 3 0 0 0 2 1 2 0 1 0 2 1 2
1 213 1 1 0 0 3 0 1 1 0 0 2 1 1 1 2 2 0 1 1 1 2 0 4 0 2 2 0 0 0 1 3 1 0 1 1 0 3 1 4 0 0 0 1 0 1 1 3 0 3 1 0 0 2 0 4 0 2 1 0 0 2 0 2 1 0 1 3 1 2 0 0 0 2 0 0 1 2 0 3 1 2 0 1 0 1 2 0 0 3 1 0 1 3 0 0 0 1 0 4 0 2 0 0 0 0 1 0 1 3 1 3 0 2 1 2 1 0 1 3 0 0 2 0 0 2 2 0 0 1 0 2 0 3 1 0 0 2 1 4 0 1 1 0 1 0 1 1 1 0 1 3 1 2 0 1 0 0 1 3 1 3 1 4 0 1 1 3 0 2 0 0 1 0 1 1 1 2 1 4 0 3 1 3 1 0 2 0 0 3 0 0 0 1 0 4 0 2 1 3 0 1 1 1 1 0 1 4 0 2 1 0 2 0
1 213 2 2 0 1 1 1 3 2 0 1 0 1 3 1 0 1 0 0 2 0 3 1 4 0 1 0 3 1 1 1 1 1 1 0 1 1 3 0 2 1 1 0 2 0 3 1 1 0 2 1 0 1 0 0 4 0 0 1 0 1 0 0 0 1 1 1 1 1 4 0 0 0 4 0 1 0 3 1 2 1 4 0 2 0 3 1 4 0 1 1 1 1 0 1 1 0 2 1 3 2 0 1 1 0 1 0 0 1 2 0 1 0 0 2 0 1 1 1 0 1 2 1 4 0 0 0 3 1 2 1 0 0 2 1 0 1 1 0 2 1 4 0 0 0 0 0 2 0 0 1 1 1 4 0 2 0 1 1 2 0 2 0 2 2 0 0 0 2 0 1 2 0 0 0 2 1 0 0 3 0 3 0 1 1 1 1 4 0 0 1 1 0 2 1 4 0 1 0 0 1 4 0 2 0 0 1 3 0 0 1 1 1 3
0 214 1 1 1 0 0 2 1 2 1 0 0 0 1 1 1 0 2 0 1 0 0 3 0 2 1 3 1 2 1 3 0 2 0 1 0 3 1 1 0 0 1 2 1 0 0 2 1 2 1 0 1 0 2 0 1 3 1 1 2 0 2 0 0 1 0 2 0 2 1 2 1 1 1 3 1 3 1 3 0 0 0 3 0 0 0 3 0 2 1 4 0 2 0 0 0 1 1 1 0 2 1 0 0 1 0 2 0 1 0 3 0 2 0 1 2 0 0 2 0 0 1 0 0 2 1 1 1 2 2 0 1 0 1 0 1 1 0 1 1 1 0 2 1 1 0 0 0 4 0 1 0 2 1 2 2 0 1 4 0 3 1 0 0 1 0 3 1 1 2 0 0 3 0 0 1 0 1 0 1 2 0 1 1 4 0 2 1 2 1 2 0 1 1 1 0 2 1 3 0 1 1 2 2 0 1 2 1 0 1 2 0 2 1 1
0 215 1 0 1 2 0 1 0 2 0 1 0 0 1 0 2 0 0 1 4 0 4 0 1 0 1 0 2 0 0 0 0 2 0 1 3 1 2 1 2 0 1 0 3 2 0 1 0 2 0 1 1 0 0 2 0 1 1 1 3 2 0 1 3 1 2 1 0 0 0 2 0 1 3 1 2 0 2 0 0 1 1 1 1 1 1 1 2 0 1 0 2 2 0 1 1 0 3 0 1 1 0 1 0 0 2 0 4 0 2 1 1 2 0 2 0 0 3 1 4 0 0 2 0 1 0 1 3 1 0 1 0 0 0 0 0 0 1 0 3 0 1 1 0 1 2 0 0 1 3 1 3 1 1 0 0 1 0 1 3 0 2 1 0 0 2 1 2 1 3 1 4 0 0 1 2 0 0 0 0 0 3 0 3 1 3 0 0 2 0 1 4 0 3 0 1 1 1 0 0 2 0 0 0 1 0 0 4 0 0 0 3 1 0 1 2
1 215 2 0 3 2 0 0 0 1 4 0 3 1 2 0 4 0 1 1 3 0 3 1 3 0 2 0 4 0 0 0 1 2 0 1 1 2 0 1 4 0 2 1 3 1 0 0 0 2 0 0 1 0 1 2 0 0 2 1 2 1 0 1 1 2 0 1 0 0 1 2 0 1 1 1 4 0 4 0 1 0 2 0 2 0 2 0 3 0 2 1 1 1 0 0 1 1 1 1 3 2 0 2 0 1 0 0 4 0 0 1 3 2 0 1 4 0 2 0 2 1 2 2 0 0 0 1 1 1 0 2 0 0 0 0 0 0 2 1 1 1 4 0 0 0 3 0 1 1 2 0 1 1 2 0 1 0 0 1 1 0 0 1 0 1 1 0 0 0 2 0 2 1 2 0 3 0 0 0 0 1 2 0 3 0 0 1 2 2 0 1 3 0 1 1 4 0 1 0 1 1 3 1 0 2 0 1 3 1 1 1 2 1 1 0 3
0 216 1 0 0 3 0 3 1 1 1 3 0 2 2 0 0 3 2 0 0 1 0 3 0 1 0 0 0 3 1 1 0 3 2 0 0 2 2 0 1 3 0 1 0 1 1 0 0 1 1 3 1 2 0 3 1 3 2 0 2 0 1 1 0 2 1 4 0 3 1 3 2 0 0 2 1 3 0 3 1 3 1 0 0 0 0 0 0 2 0 0 1 2 2 0 0 3 0 2 1 2 1 0 1 4 0 4 0 2 1 2 1 2 1 0 1 3 0 0 0 1 0 0 0 3 1 1 0 2 0 0 1 3 1 0 0 0 1 0 1 3 1 2 1 1 1 1 1 4 0 3 0 3 0 3 0 2 0 1 0 1 0 1 0 0 0 1 0 0 1 0 0 0 2 0 0 1 1 1 0 1 0 3 1 1 1 2 1 0 1 0 1 0 2 0 0 2 1 3 0 3 1 1 1 1 2 0 1 1 1 3 0 4 0 1 1 2
1 216 2 0 1 2 0 2 1 3 1 1 0 1 0 4 0 2 0 3 1 2 1 1 1 3 0 0 1 2 1 2 1 3 0 4 0 0 1 0 1 0 1 3 0 2 2 0 0 3 1 1 2 0 0 3 0 2 1 0 2 0 0 1 1 1 0 3 0 3 0 2 0 4 0 0 0 1 0 3 0 1 1 0 0 0 0 0 0 4 0 1 1 0 0 4 0 1 0 0 2 0 1 1 1 3 0 4 0 0 2 0 2 0 1 1 1 0 1 1 0 2 0 0 1 2 1 2 0 4 0 1 1 1 1 0 0 1 0 0 1 1 2 0 1 3 0 2 1 3 0 2 0 2 0 1 2 0 1 3 0 2 0 2 0 0 0 2 0 0 2 0 0 1 1 3 1 3 0 1 0 2 1 2 1 3 0 4 0 0 0 0 0 0 1 4 0 0 0 1 0 2 1 3 0 2 2 0 0 2 1 1 0 3 1 4 0 3
1 217 1 2 0 0 3 1 1 0 1 1 2 0 2 1 4 0 0 0 2 2 0 1 3 1 0 1 2 1 0 0 0 0 1 0 3 1 2 0 0 0 0 1 1 0 1 0 4 0 1 1 3 1 4 0 1 0 0 1 1 1 3 1 3 0 1 1 2 0 2 0 0 0 3 1 1 0 2 1 1 1 3 2 0 0 0 0 0 1 3 1 3 2 0 1 3 1 3 0 1 2 0 0 2 1 1 0 3 1 2 2 0 2 0 0 2 0 0 0 1 0 4 0 1 0 4 0 3 1 3 1 4 0 1 2 0 0 2 0 1 0 2 2 0 1 1 0 1 0 0 2 0 2 0 2 0 1 0 1 0 2 0 2 0 1 1 0 4 0 1 1 3 1 3 1 2 0 0 1 3 1 1 0 0 0 1 0 3 1 1 0 0 0 1 1 2 1 1 0 2 1 1 0 1 0 1 0 3 2 0 1 2 1 3 0 3 0 2
0 217 3 1 4 0 1 1 2 0 3 0 3 1 1 0 2 1 1 1 1 1 0 1 1 1 1 0 3 2 0 0 0 0 2 1 2 1 4 0 0 0 1 0 1 0 2 1 3 2 0 0 2 0 2 1 3 0 1 0 2 1 2 0 0 1 4 0 3 0 4 0 0 1 2 1 2 1 0 1 3 1 2 0 3 1 0 0 1 1 2 0 2 1 0 1 2 0 0 2 0 0 3 2 0 1 2 1 3 0 0 1 0 1 3 1 4 0 0 0 2 1 3 1 3 1 4 0 3 0 2 0 2 2 0 0 3 1 4 0 2 1 1 1 0 0 1 0 2 0 1 2 0 2 0 2 0 0 0 0 0 2 0 2 0 0 1 1 3 2 0 0 2 0 1 1 4 0 1 1 1 1 2 0 0 0 2 1 2 1 2 0 0 0 3 0 4 0 1 1 0 1 2 0 2 0 2 1 3 1 0 1 0 0 1 0 2 0 0
