251 4
0 1 0
0 1 1
1 1 2
0 3 1 0 0
0 4 1 0 0 1
0 4 2 0 0 2
1 6 1 0 0 0 0 0
1 7 1 0 0 1 0 0 0
1 7 2 0 0 2 0 0 0
1 8 1 0 1 0 3 0 0 0
1 10 1 0 0 0 1 0 2 0 1 0
1 10 2 0 0 1 1 0 1 0 0 2
0 11 1 0 1 0 2 0 1 0 0 0 0
0 13 1 0 0 0 1 0 1 0 0 2 1 0 0
0 13 2 0 0 1 0 1 0 0 0 0 1 0 0
0 14 1 0 1 0 1 1 0 2 1 0 1 0 0 1
0 16 1 0 0 0 1 0 0 0 0 1 1 0 2 0 0 2
1 16 2 0 0 1 0 0 1 0 1 0 0 0 1 0 0 0
1 17 1 0 1 0 1 0 0 2 1 0 2 1 0 2 0 0 0
1 19 1 0 0 0 0 1 0 0 0 1 0 0 2 0 0 0 0 1 0
1 19 2 0 0 0 1 0 2 1 0 2 0 1 0 0 1 0 1 0 2
0 20 1 0 1 0 0 1 0 2 0 0 1 0 1 0 0 0 0 1 0 1
1 22 1 0 0 0 0 0 2 1 0 0 1 0 1 1 0 2 1 0 1 0 1 0
1 22 2 0 0 0 1 0 0 1 0 1 1 0 0 0 0 1 1 0 2 1 0 2
0 23 1 0 1 0 0 0 0 2 0 1 0 1 0 0 0 1 0 0 0 2 0 0 1
0 25 1 0 0 0 0 0 1 1 0 0 0 1 0 0 0 1 1 0 3 0 0 0 1 0 1
1 25 2 0 0 0 0 0 3 0 0 1 1 0 3 0 0 0 0 0 2 1 0 0 0 1 0
1 26 1 0 0 1 0 1 0 1 1 0 2 1 0 2 0 1 0 1 0 0 1 0 0 1 0 2
0 28 1 0 0 0 0 0 0 1 0 0 0 0 2 0 0 1 0 1 0 0 0 2 0 0 2 1 0 1
1 28 2 0 0 0 0 0 1 0 0 1 0 1 0 1 0 1 1 0 3 0 0 1 0 0 0 1 0 2
0 29 1 0 0 1 0 0 0 2 0 0 3 0 0 0 1 0 0 0 0 2 1 0 1 0 0 1 1 0 1
1 30 1 0 3 0 1 0 1 0 0 0 0 1 1 0 0 0 0 1 1 0 0 1 0 2 0 0 3 0 1 0
0 31 1 1 0 3 0 1 0 0 0 1 0 0 3 0 0 1 0 0 3 0 0 2 1 0 1 0 0 2 0 0 2
1 32 1 0 0 0 3 0 0 2 1 0 2 1 0 1 1 0 1 1 0 2 0 0 0 1 0 2 1 0 0 0 0 0
1 33 1 0 3 0 0 3 0 0 1 0 0 2 0 0 0 0 0 0 0 0 0 1 0 0 1 0 1 1 0 0 0 0 0
1 34 1 1 0 3 0 0 1 1 0 1 0 1 0 0 1 0 0 0 0 0 0 1 0 0 2 0 1 0 1 0 0 0 0 0
1 35 1 0 0 0 2 1 0 2 0 1 0 0 0 3 0 1 0 0 0 0 0 0 2 1 0 0 0 1 0 0 0 1 0 0 0
1 36 1 0 3 0 0 2 0 0 1 0 0 3 0 0 3 0 0 2 1 0 0 1 0 0 1 0 0 1 0 2 1 0 2 0 0 0
1 37 1 1 0 2 1 0 3 0 0 2 1 0 2 0 0 2 0 0 0 1 0 1 0 0 2 0 0 2 1 0 2 0 0 0 0 1 0
1 38 1 0 0 0 2 0 0 3 0 0 1 0 0 0 1 0 3 0 0 1 0 1 0 0 0 0 0 0 1 0 0 0 0 1 0 1 0 2
0 39 1 0 3 0 0 1 0 0 1 1 0 1 0 0 1 1 0 2 1 0 1 1 0 2 1 0 0 0 0 2 0 0 1 0 0 0 1 0 1
1 40 1 1 0 2 1 0 1 0 0 3 0 0 3 0 1 0 0 0 2 0 0 0 0 0 1 1 0 0 0 1 0 1 0 1 0 0 1 0 1 0
1 41 1 0 0 0 1 1 0 2 1 0 2 0 0 2 0 0 3 0 0 0 0 1 0 0 0 3 0 0 2 0 0 0 0 0 3 0 0 2 1 0 2
0 42 1 0 3 0 0 0 0 0 2 0 0 1 0 0 0 0 0 1 0 1 0 1 0 3 0 0 2 1 0 3 0 0 0 1 0 2 0 0 1 0 0 1
1 43 1 1 0 2 0 1 0 0 1 0 1 0 1 0 0 0 0 0 3 0 0 0 1 0 3 0 0 1 0 0 2 1 0 0 1 0 0 1 0 1 0 0 2
0 44 1 0 0 0 1 0 1 0 0 0 0 0 0 3 0 0 0 1 0 1 1 0 0 1 0 2 1 0 1 1 0 0 1 0 1 0 0 2 0 1 0 0 0 0
0 45 1 0 2 1 0 2 1 0 2 1 0 0 1 0 1 1 0 0 0 1 0 1 0 1 1 0 1 1 0 3 0 0 2 0 1 0 0 0 0 0 0 2 1 0 0
0 46 1 1 0 2 0 0 2 0 0 1 1 0 1 0 1 0 1 0 1 0 0 0 1 0 0 0 0 0 0 0 3 0 0 0 0 0 2 1 0 0 1 0 0 1 0 0
0 47 1 0 0 0 0 1 0 3 0 0 3 0 1 0 0 1 0 0 0 3 0 0 1 0 0 1 0 0 0 1 0 1 0 1 0 1 0 0 1 0 1 0 0 2 0 0 1
0 48 1 0 2 1 0 1 1 0 3 0 0 2 0 0 3 0 1 0 1 0 1 1 0 1 0 0 2 0 0 1 0 1 0 0 1 0 0 0 2 0 0 3 0 1 0 1 0 1
1 49 1 1 0 2 0 0 0 0 0 3 0 0 0 0 0 2 0 1 0 0 1 0 1 0 2 0 1 0 1 0 1 1 0 3 0 1 0 1 0 0 0 0 2 0 1 0 0 1 0
1 50 1 0 0 0 0 0 1 0 1 0 1 0 1 0 1 0 0 0 1 0 0 0 0 1 0 1 0 1 0 1 0 0 0 0 3 0 1 0 0 0 1 1 0 0 0 0 3 0 1 0
0 51 1 0 2 1 0 1 0 0 0 0 1 0 0 1 0 0 0 1 1 0 2 1 0 1 0 1 0 0 1 0 0 0 1 1 0 2 0 0 2 1 0 3 0 0 1 1 0 2 0 0 2
1 52 1 1 0 1 1 0 2 0 0 0 1 0 3 0 1 0 0 1 0 0 0 1 1 0 2 1 0 3 0 1 0 0 1 0 0 0 1 0 0 1 0 0 2 1 0 2 1 0 1 0 0 0
1 53 1 0 0 0 0 0 0 0 1 0 0 1 0 3 0 0 3 0 1 0 0 1 0 0 0 2 0 0 3 0 0 3 0 1 0 0 0 2 0 0 2 1 0 1 0 0 1 1 0 2 0 0 0
1 54 1 0 2 1 0 0 0 0 1 0 0 2 1 0 3 0 0 2 0 0 3 0 1 0 1 0 0 0 0 2 0 0 2 0 0 3 0 0 1 0 0 0 1 0 2 0 1 0 0 0 0 0 1 0
1 55 1 1 0 1 1 0 0 0 0 2 1 0 1 0 0 3 0 0 0 0 0 2 0 1 0 0 0 1 1 0 0 0 0 0 0 0 1 1 0 1 0 0 1 1 0 1 0 0 2 1 0 0 1 0 2
0 55 3 0 1 0 1 0 0 1 0 0 1 0 2 1 0 1 0 1 0 1 0 0 0 0 2 1 0 3 0 0 1 0 0 0 0 0 3 0 0 3 0 0 3 0 1 0 0 0 0 1 0 1 1 0 1
1 57 1 0 2 0 1 0 0 0 2 0 0 2 1 0 1 1 0 3 0 0 0 0 0 1 1 0 1 0 0 2 1 0 1 0 0 0 1 0 2 0 0 2 0 0 2 0 0 2 1 0 1 0 1 0 1 0 2
0 58 1 1 0 1 0 0 3 0 0 1 0 0 1 0 0 0 0 0 2 0 1 0 0 0 3 0 1 0 0 0 0 1 0 2 0 0 1 1 0 1 0 0 0 0 0 0 0 0 0 1 0 3 0 0 0 1 0 1
1 58 3 0 1 0 0 0 1 1 0 1 0 0 2 0 0 0 1 0 0 0 0 3 0 0 3 0 0 2 1 0 1 1 0 0 1 0 2 0 0 3 0 0 0 0 0 0 0 0 1 1 0 2 1 0 0 0 1 0
1 60 1 0 2 0 0 2 1 0 3 0 0 3 0 1 0 1 0 0 0 0 1 1 0 2 0 0 2 0 0 0 1 0 3 0 0 2 1 0 1 0 0 1 0 1 0 0 0 0 0 1 0 0 0 1 1 0 0 1 0 2
0 61 1 1 0 1 0 0 1 0 0 3 0 0 2 0 1 0 0 0 1 0 1 0 0 0 0 1 0 3 0 0 1 1 0 3 0 0 0 1 0 2 0 0 2 1 0 2 1 0 0 1 0 2 1 0 3 0 0 2 1 0 1
1 61 3 0 0 3 0 0 2 1 0 2 0 0 0 0 0 2 1 0 2 1 0 2 1 0 1 1 0 2 1 0 2 1 0 2 1 0 0 1 0 1 0 0 1 0 0 1 1 0 1 1 0 2 0 0 3 0 0 0 1 0 2
0 63 1 0 2 0 0 2 0 0 1 0 0 0 0 1 0 1 0 1 0 0 2 0 0 2 0 0 0 0 0 2 0 0 2 0 0 1 1 0 1 0 0 3 0 0 2 0 1 0 0 0 0 0 0 1 0 0 1 1 0 0 1 0 1
1 64 1 1 0 0 1 0 3 0 0 2 0 0 1 0 0 0 0 0 3 0 1 0 1 0 3 0 0 0 0 1 0 1 0 3 0 0 3 0 1 0 0 0 2 0 0 0 0 0 2 1 0 0 0 0 2 0 0 3 0 0 2 0 1 0
1 64 3 0 0 2 1 0 2 1 0 3 0 0 2 0 0 0 1 0 2 0 1 0 1 0 2 1 0 0 0 0 0 1 0 3 0 0 2 0 0 3 0 0 0 0 1 0 1 0 0 1 0 0 1 0 0 0 0 2 0 0 0 0 0 2
0 66 1 0 2 0 0 1 0 0 2 0 0 2 1 0 3 0 0 1 1 0 1 0 1 0 1 0 1 1 0 0 0 0 1 1 0 3 0 0 0 0 0 1 1 0 0 0 0 0 0 0 2 0 0 2 0 0 1 0 1 0 0 1 0 1 0 0
0 67 1 1 0 0 1 0 1 1 0 0 0 0 1 0 0 2 1 0 2 0 1 0 0 1 0 0 1 0 1 0 0 0 1 0 0 0 2 0 1 0 0 0 3 0 0 1 0 0 0 0 1 0 1 0 3 0 0 3 0 0 0 0 0 0 0 0 1
1 67 3 0 0 2 0 1 0 1 0 0 0 0 2 1 0 1 0 0 1 0 1 0 0 0 0 0 0 0 0 0 1 1 0 3 0 0 1 0 0 3 0 0 2 1 0 1 0 0 1 0 0 0 1 0 3 0 0 1 0 1 0 0 0 0 0 0 2
0 69 1 0 2 0 0 0 0 1 0 0 0 1 1 0 0 1 0 2 0 0 2 1 0 2 1 0 0 0 0 0 0 1 0 0 0 2 1 0 1 1 0 2 0 0 0 1 0 2 0 0 2 0 0 1 1 0 2 1 0 1 1 0 2 1 0 0 1 0 0
0 70 1 1 0 0 0 1 0 1 0 2 1 0 3 0 0 2 1 0 1 0 0 1 0 0 1 1 0 0 0 0 0 1 0 3 0 0 2 0 0 0 0 0 0 1 0 0 1 0 0 1 0 3 0 1 0 0 0 2 0 0 0 0 0 1 1 0 1 0 0 1
0 70 3 0 0 2 0 0 0 1 0 2 0 0 3 0 0 0 1 0 2 0 0 2 0 0 3 0 0 1 0 0 1 1 0 2 1 0 3 0 0 0 0 0 1 0 0 2 0 0 2 1 0 3 0 0 3 0 0 0 0 1 0 0 0 3 0 0 3 0 0 2
1 72 1 0 1 1 0 3 0 0 1 1 0 1 0 0 1 1 0 0 1 0 1 0 0 0 0 0 1 1 0 1 0 1 0 0 0 2 0 0 2 0 1 0 0 0 2 1 0 0 0 0 1 0 0 3 0 0 1 0 1 0 1 0 3 0 0 3 0 0 2 0 0 0
1 73 1 1 0 0 0 0 2 1 0 2 0 0 3 0 0 3 0 0 2 0 0 3 0 0 0 0 0 3 0 1 0 0 0 3 0 0 1 0 0 0 0 0 3 0 0 1 1 0 0 0 0 2 1 0 1 1 0 2 0 0 0 1 0 3 0 0 1 1 0 3 0 0 0
1 73 3 0 0 1 1 0 1 0 0 1 0 0 2 0 0 2 0 0 0 0 0 1 0 1 0 1 0 2 0 0 3 0 0 2 1 0 1 0 0 0 1 0 1 1 0 2 0 0 1 1 0 1 0 0 0 0 0 0 1 0 0 1 0 2 1 0 2 1 0 2 0 1 0
1 75 1 0 1 1 0 2 0 0 3 0 0 2 0 1 0 1 0 3 0 0 0 0 0 3 0 0 0 1 0 1 0 0 2 0 0 0 1 0 2 0 0 1 1 0 0 0 0 0 1 0 2 0 0 3 0 0 0 0 0 1 0 0 2 1 0 2 0 0 2 0 0 1 0 0 2
0 76 1 1 0 0 0 0 1 0 0 2 0 0 0 0 1 0 1 0 2 0 1 0 1 0 1 1 0 0 0 0 3 0 1 0 1 0 0 1 0 0 1 0 2 0 0 1 0 0 1 1 0 1 0 0 1 0 1 0 0 0 2 1 0 1 0 0 0 1 0 3 0 0 2 1 0 0
0 76 3 0 0 1 0 0 2 0 1 0 1 0 0 0 0 0 1 0 1 0 1 0 0 1 0 1 0 0 1 0 2 0 1 0 0 0 2 0 0 2 1 0 0 1 0 1 0 0 3 0 0 3 0 0 2 1 0 3 0 0 1 1 0 2 0 0 1 1 0 3 0 0 0 1 0 0
0 78 1 0 1 1 0 1 1 0 0 0 1 0 0 0 1 0 0 1 0 1 0 0 1 0 0 0 0 0 0 2 1 0 1 0 0 3 0 0 1 0 0 0 1 0 1 0 1 0 0 0 2 0 0 2 0 0 1 0 0 2 1 0 2 1 0 0 1 0 2 1 0 2 1 0 0 0 0 1
1 79 1 0 1 0 1 0 3 0 0 1 1 0 2 1 0 2 0 0 2 1 0 3 0 1 0 0 0 0 1 0 0 1 0 2 1 0 1 1 0 1 0 0 1 0 1 0 0 0 3 0 0 0 1 0 3 0 0 2 1 0 1 0 0 1 1 0 1 1 0 2 0 0 1 1 0 0 0 0 2
0 79 3 0 0 0 1 0 2 1 0 2 1 0 2 0 0 1 0 0 1 0 0 3 0 0 2 1 0 1 0 0 2 1 0 1 1 0 3 0 0 3 0 0 2 1 0 3 0 0 2 1 0 0 1 0 3 0 0 0 1 0 2 0 1 0 0 0 0 0 0 0 1 0 2 0 0 1 1 0 0
0 81 1 0 1 1 0 0 1 0 2 0 0 2 0 0 0 1 0 1 0 0 2 1 0 2 0 0 0 1 0 2 1 0 1 0 0 0 0 0 3 0 0 2 0 0 1 0 0 3 0 0 0 1 0 1 1 0 2 1 0 0 1 0 1 0 0 2 1 0 0 0 0 1 1 0 0 1 0 2 0 0 1
0 82 1 0 1 0 1 0 1 1 0 0 1 0 3 0 0 1 0 1 0 0 0 1 0 0 0 1 0 0 1 0 1 1 0 2 0 0 0 1 0 1 1 0 3 0 0 2 1 0 1 1 0 0 1 0 0 0 0 1 1 0 1 0 1 0 0 0 0 1 0 0 0 0 3 0 0 2 1 0 0 1 0 1
1 82 3 0 0 0 0 1 0 1 0 1 1 0 2 1 0 1 1 0 2 1 0 2 0 0 1 0 0 2 1 0 0 0 0 0 1 0 0 1 0 0 0 0 3 0 0 0 1 0 3 0 0 2 0 0 1 0 0 3 0 1 0 0 0 2 1 0 1 0 0 1 1 0 2 0 0 0 1 0 1 0 1 0
1 84 1 0 1 1 0 0 0 0 0 1 0 0 0 0 2 0 0 0 0 0 2 0 0 0 1 0 1 1 0 0 1 0 0 0 0 1 0 0 2 0 0 1 1 0 1 1 0 0 1 0 2 1 0 3 0 0 2 1 0 2 0 0 3 0 0 1 1 0 2 0 1 0 0 0 0 1 0 0 0 1 0 0 0 2
0 85 1 0 1 0 1 0 0 0 0 1 0 0 1 0 1 0 0 1 0 0 1 0 1 0 0 0 1 0 1 0 1 0 0 1 0 0 2 0 1 0 1 0 2 0 1 0 1 0 1 1 0 2 0 0 3 0 0 1 0 0 1 0 0 1 1 0 2 1 0 1 0 0 2 1 0 1 0 0 1 1 0 3 0 0 1
0 85 3 0 0 0 0 0 1 0 0 2 0 0 3 0 0 0 0 0 0 0 0 0 0 0 2 0 0 0 0 0 3 0 0 2 1 0 0 0 1 0 1 0 1 0 1 0 1 0 0 0 0 1 0 0 1 1 0 1 0 0 2 0 1 0 0 0 1 1 0 2 1 0 0 1 0 2 0 1 0 0 0 2 1 0 1
1 87 1 0 1 0 1 0 0 0 2 1 0 0 0 0 1 0 1 0 0 0 0 0 0 0 0 1 0 0 1 0 1 0 2 0 0 0 1 0 1 0 0 0 0 1 0 0 1 0 0 0 1 0 0 2 0 0 3 0 1 0 0 0 0 0 0 3 0 0 0 0 0 1 1 0 1 1 0 1 0 0 3 0 0 1 1 0 2
0 88 1 0 1 0 0 0 3 0 0 1 1 0 0 0 0 2 1 0 2 1 0 0 0 0 1 0 0 0 0 0 0 1 0 0 1 0 0 0 0 3 0 0 0 1 0 3 0 1 0 0 0 2 1 0 0 0 0 2 0 0 2 1 0 0 1 0 1 0 1 0 0 0 3 0 1 0 1 0 2 1 0 1 1 0 2 1 0 1
1 88 2 1 0 3 0 0 2 1 0 2 0 0 1 1 0 1 0 0 1 1 0 0 0 0 2 0 0 0 0 0 1 0 0 2 0 0 1 1 0 1 1 0 0 1 0 3 0 0 3 0 0 1 1 0 0 1 0 0 0 0 0 1 0 1 0 1 0 0 0 3 0 0 3 0 1 0 1 0 2 0 0 0 0 0 1 1 0 2
0 90 1 0 1 0 0 3 0 0 1 0 0 0 1 0 2 0 0 3 0 0 3 0 0 1 0 1 0 0 1 0 0 0 2 0 1 0 1 0 2 0 1 0 1 0 1 1 0 3 0 0 1 1 0 2 0 0 2 0 0 1 0 0 1 0 1 0 0 0 3 0 0 3 0 0 2 0 1 0 1 0 0 0 1 0 0 1 0 0 0 1
1 91 1 0 1 0 0 0 1 1 0 1 0 0 1 1 0 1 0 0 2 0 0 1 1 0 1 1 0 3 0 1 0 1 0 0 0 1 0 1 0 1 0 1 0 1 0 0 0 0 2 1 0 2 1 0 0 1 0 3 0 0 2 0 0 2 1 0 3 0 0 3 0 0 2 0 0 0 0 1 0 0 0 1 1 0 3 0 1 0 0 0 2
0 91 2 1 0 2 1 0 3 0 0 3 0 0 3 0 0 3 0 1 0 1 0 2 1 0 0 0 0 3 0 1 0 0 0 2 0 0 0 0 1 0 0 1 0 0 0 1 1 0 1 0 0 1 1 0 1 1 0 3 0 0 0 0 0 1 0 0 3 0 0 1 1 0 3 0 0 0 1 0 3 0 0 0 0 0 3 0 0 3 0 0 1
0 93 1 0 1 0 0 2 0 0 3 0 0 2 0 0 2 0 0 2 0 1 0 1 0 1 1 0 0 1 0 2 0 0 3 0 0 0 0 1 0 1 0 3 0 1 0 0 0 3 0 0 3 0 1 0 0 0 0 0 0 2 0 1 0 0 0 2 1 0 1 1 0 2 1 0 2 1 0 0 1 0 2 0 1 0 1 0 2 0 0 1 1 0 1
1 94 1 0 1 0 0 0 0 0 0 2 0 0 0 0 0 0 0 0 0 0 1 0 0 1 0 1 0 1 1 0 1 0 0 1 1 0 0 0 0 0 1 0 3 0 0 3 0 0 3 0 0 2 0 0 2 1 0 0 1 0 0 0 0 3 0 0 2 0 0 0 0 0 2 0 0 1 1 0 1 1 0 1 0 1 0 1 0 0 1 0 2 0 1 0
1 94 2 1 0 2 1 0 0 0 1 0 0 1 0 0 0 0 0 0 1 0 0 0 0 0 0 0 1 0 1 0 2 0 0 3 0 0 1 0 0 1 1 0 3 0 0 2 0 0 2 0 0 0 0 0 0 1 0 1 0 0 1 1 0 1 1 0 3 0 0 0 0 1 0 1 0 2 0 1 0 1 0 3 0 0 0 0 0 2 1 0 1 0 0 2
0 96 1 0 1 0 0 1 1 0 0 1 0 3 0 1 0 0 0 0 0 0 2 0 0 0 0 0 1 0 0 0 1 0 1 0 0 1 1 0 1 0 1 0 0 0 2 1 0 3 0 1 0 0 1 0 0 0 1 0 0 3 0 1 0 0 0 0 0 0 2 1 0 0 0 0 0 1 0 1 0 1 0 1 0 2 0 1 0 1 0 0 1 0 2 1 0 0
0 97 1 0 0 3 0 0 3 0 0 2 1 0 3 0 0 2 1 0 0 0 1 0 0 1 0 0 0 2 0 0 1 0 0 3 0 0 3 0 1 0 0 0 3 0 0 2 0 0 3 0 0 3 0 1 0 0 0 2 1 0 2 0 0 2 1 0 0 1 0 0 1 0 0 0 0 1 0 1 0 0 1 0 1 0 1 0 1 0 0 0 2 1 0 1 1 0 0
0 97 2 1 0 2 0 0 2 0 0 1 0 0 3 0 0 0 1 0 0 1 0 3 0 1 0 0 1 0 1 0 1 1 0 2 0 0 2 0 0 3 0 0 3 0 0 0 0 0 2 0 0 2 0 0 3 0 0 2 0 0 1 0 0 0 1 0 1 0 0 2 0 0 1 0 0 3 0 0 0 0 0 0 0 1 0 0 0 3 0 0 1 1 0 3 0 0 1
0 99 1 0 1 0 0 0 1 0 3 0 0 2 1 0 1 1 0 0 0 0 2 1 0 3 0 1 0 0 0 0 1 0 0 0 0 1 0 0 0 0 0 2 0 0 1 0 1 0 1 0 0 0 0 0 0 0 1 1 0 3 0 0 2 0 0 1 0 0 3 0 1 0 1 0 1 1 0 1 0 1 0 0 0 0 1 0 3 0 0 2 1 0 2 1 0 2 1 0 1
1 100 1 0 0 3 0 0 1 1 0 3 0 0 0 1 0 3 0 0 1 1 0 1 0 0 3 0 0 2 1 0 1 0 0 1 0 0 2 0 0 0 0 1 0 1 0 2 0 0 0 0 0 1 0 0 0 0 1 0 0 0 2 1 0 3 0 0 2 1 0 2 0 1 0 0 1 0 1 0 2 1 0 2 1 0 1 1 0 3 0 0 1 0 0 2 0 0 1 1 0 2
0 100 2 1 0 1 1 0 2 1 0 2 1 0 0 1 0 2 1 0 2 0 1 0 0 0 2 0 0 0 1 0 2 0 0 2 0 1 0 1 0 0 0 0 0 1 0 0 0 1 0 0 0 2 0 0 0 1 0 3 0 0 2 0 0 3 0 0 1 0 0 1 0 1 0 0 0 0 1 0 2 0 0 2 0 0 0 0 0 2 1 0 1 0 1 0 1 0 2 1 0 1
1 102 1 0 1 0 0 0 0 0 2 0 0 1 1 0 1 1 0 2 0 0 1 0 0 3 0 0 0 1 0 0 1 0 1 0 0 0 0 1 0 0 0 1 0 0 1 0 0 1 1 0 3 0 0 0 1 0 0 1 0 3 0 0 0 0 0 1 1 0 1 0 0 2 1 0 2 1 0 1 1 0 0 1 0 3 0 0 0 1 0 0 1 0 3 0 0 0 1 0 1 1 0 2
0 103 1 0 0 3 0 0 0 0 1 0 1 0 2 1 0 0 0 0 0 1 0 1 1 0 1 1 0 0 0 0 2 0 0 3 0 0 0 1 0 2 1 0 2 0 0 2 0 1 0 0 0 2 1 0 0 0 0 2 1 0 2 0 1 0 0 0 3 0 1 0 0 0 1 0 0 1 1 0 3 0 0 2 1 0 2 1 0 0 0 0 2 1 0 2 1 0 0 1 0 0 0 0 1
1 103 2 1 0 1 1 0 0 0 0 0 1 0 1 1 0 0 0 0 1 0 1 0 1 0 3 0 0 1 1 0 0 0 0 1 1 0 0 1 0 2 0 0 1 0 0 0 0 0 3 0 0 1 1 0 0 1 0 1 0 0 1 0 0 3 0 0 3 0 0 2 1 0 2 0 1 0 0 0 3 0 0 1 0 0 1 1 0 0 1 0 1 0 0 1 1 0 1 0 0 1 0 0 2
0 105 1 0 0 1 0 3 0 0 1 0 0 1 0 1 0 1 0 0 0 0 3 0 0 0 1 0 2 1 0 2 0 0 1 0 0 3 0 0 2 1 0 0 1 0 1 0 0 0 1 0 1 1 0 2 0 0 2 0 0 3 0 0 2 1 0 2 0 0 2 0 0 1 0 0 1 0 0 3 0 0 2 1 0 1 0 0 3 0 0 2 0 0 3 0 0 3 0 0 3 0 0 2 1 0 0
0 106 1 0 0 2 1 0 2 1 0 1 0 0 3 0 0 0 0 0 1 1 0 1 1 0 0 1 0 2 0 0 0 1 0 1 1 0 2 0 0 0 1 0 1 0 0 3 0 0 1 1 0 0 0 0 1 0 0 0 0 0 2 0 0 1 0 0 0 1 0 3 0 0 2 0 0 2 1 0 2 0 0 0 1 0 2 1 0 2 0 0 0 0 0 2 0 0 2 0 0 2 0 0 0 1 0 0
0 106 2 1 0 1 0 0 1 1 0 2 1 0 1 0 1 0 0 0 3 0 1 0 1 0 1 1 0 0 1 0 0 1 0 0 0 0 0 1 0 0 0 1 0 0 0 1 1 0 2 0 0 1 0 0 2 0 0 0 0 1 0 1 0 1 0 0 1 1 0 3 0 0 0 0 0 1 0 0 0 1 0 0 1 0 2 0 0 0 0 1 0 0 1 0 1 0 3 0 1 0 1 0 0 0 0 1
1 108 1 0 0 1 0 2 0 1 0 0 0 1 1 0 2 1 0 3 0 0 3 0 1 0 0 1 0 1 0 1 0 0 2 0 0 1 0 0 1 0 0 1 1 0 3 0 0 0 0 0 0 1 0 1 0 1 0 1 0 0 0 0 0 0 0 3 0 1 0 0 0 2 0 1 0 0 0 2 0 0 1 0 0 2 1 0 0 1 0 0 0 0 0 0 0 0 1 0 3 0 1 0 0 0 1 0 0 2
0 109 1 0 0 2 1 0 1 0 0 3 0 0 0 0 0 2 0 0 3 0 0 2 0 1 0 0 0 0 0 0 3 0 1 0 1 0 1 0 0 2 0 1 0 0 0 2 0 1 0 0 0 1 0 1 0 0 1 0 0 0 1 0 0 0 1 0 2 0 0 3 0 0 1 0 0 3 0 0 0 1 0 1 1 0 0 1 0 1 0 0 1 0 0 0 0 0 1 1 0 3 0 0 2 1 0 2 1 0 0
0 109 2 1 0 0 1 0 2 1 0 1 0 1 0 1 0 0 0 0 2 0 0 0 0 0 2 1 0 0 1 0 2 0 1 0 0 1 0 0 0 0 0 0 3 0 0 1 0 0 2 1 0 2 1 0 3 0 1 0 0 0 2 0 0 1 1 0 1 0 0 1 1 0 1 1 0 1 1 0 0 0 1 0 1 0 1 0 0 3 0 0 2 0 0 0 0 1 0 0 0 3 0 0 1 0 0 1 1 0 0
0 111 1 0 0 1 0 1 1 0 1 1 0 3 0 0 0 0 0 1 0 1 0 0 1 0 1 0 0 1 0 1 1 0 1 0 0 3 0 1 0 0 0 0 1 0 1 1 0 1 1 0 1 0 0 2 0 0 3 0 0 3 0 0 0 1 0 2 0 0 3 0 0 3 0 1 0 1 0 3 0 0 2 0 0 0 0 1 0 0 0 1 1 0 3 0 0 0 1 0 3 0 0 2 1 0 1 0 0 3 0 0 1
0 112 1 0 0 2 1 0 0 0 0 0 0 0 2 0 1 0 0 0 3 0 0 0 0 0 0 0 0 2 0 1 0 1 0 2 1 0 2 0 0 2 1 0 1 0 1 0 1 0 3 0 1 0 0 0 0 0 0 2 0 0 1 1 0 0 1 0 1 0 0 2 0 0 2 0 1 0 1 0 2 1 0 3 0 0 0 1 0 3 0 0 0 0 0 2 1 0 0 1 0 3 0 0 0 1 0 2 1 0 1 1 0 1
1 112 2 1 0 0 1 0 0 0 0 0 1 0 0 0 0 3 0 0 2 0 1 0 0 0 0 1 0 0 0 1 0 1 0 2 0 0 1 0 0 0 1 0 3 0 0 0 1 0 3 0 0 2 1 0 0 0 1 0 1 0 2 0 0 2 0 1 0 0 0 0 0 0 0 0 1 0 1 0 2 0 0 2 1 0 0 1 0 2 0 1 0 1 0 0 1 0 1 1 0 2 1 0 0 1 0 1 1 0 3 0 1 0
0 114 1 0 0 1 0 1 0 0 1 0 0 1 0 0 1 1 0 2 0 0 0 0 0 2 1 0 1 0 0 2 0 0 0 1 0 0 1 0 1 0 0 1 1 0 2 1 0 0 1 0 3 0 0 0 1 0 1 0 0 0 1 0 1 0 0 0 0 0 2 1 0 0 0 0 1 0 0 0 1 0 1 0 0 0 1 0 1 1 0 1 0 1 0 0 0 2 1 0 0 0 0 1 1 0 1 1 0 0 0 0 3 0 0 2
1 115 1 0 0 2 0 0 3 0 0 2 0 0 2 0 1 0 0 0 0 0 1 0 1 0 0 1 0 2 0 1 0 1 0 0 0 0 2 0 0 3 0 1 0 0 0 1 1 0 1 1 0 2 1 0 0 0 0 3 0 0 1 0 0 3 0 0 0 1 0 0 1 0 0 0 0 2 0 0 1 0 0 3 0 0 1 0 1 0 1 0 2 1 0 3 0 0 1 1 0 0 0 0 3 0 1 0 1 0 0 1 0 2 0 0 0
1 115 2 1 0 0 0 0 2 0 0 0 0 0 0 0 0 2 1 0 1 0 0 0 0 0 2 1 0 1 0 1 0 0 0 1 1 0 0 0 0 2 0 0 3 0 0 0 0 0 0 0 0 1 1 0 0 1 0 1 1 0 1 1 0 1 1 0 0 0 0 2 0 0 1 0 1 0 1 0 1 1 0 1 1 0 2 0 0 0 1 0 2 0 0 2 1 0 2 0 0 1 1 0 2 0 1 0 0 0 2 1 0 0 0 1 0
1 117 1 0 0 1 0 0 0 1 0 0 1 0 0 0 0 1 0 0 1 0 2 0 0 0 1 0 0 1 0 2 1 0 2 1 0 3 0 0 1 1 0 0 0 0 1 0 1 0 0 0 0 0 0 3 0 0 2 0 1 0 1 0 3 0 1 0 1 0 0 0 1 0 1 0 2 0 0 0 1 0 0 0 0 0 0 0 0 1 0 0 1 0 1 0 0 1 0 0 0 1 0 2 1 0 1 0 0 3 0 0 1 1 0 0 1 0 2
0 118 1 0 0 2 0 0 1 1 0 3 0 1 0 0 0 1 0 0 2 1 0 0 1 0 0 0 0 2 1 0 2 0 0 2 0 0 2 1 0 2 0 0 1 0 0 2 1 0 2 1 0 0 1 0 2 0 0 0 0 1 0 1 0 3 0 1 0 0 0 2 0 0 0 1 0 0 1 0 0 0 0 1 0 0 0 0 0 1 0 0 2 0 0 3 0 0 2 0 0 1 1 0 1 1 0 2 1 0 1 1 0 2 0 0 2 1 0 1
1 118 2 0 1 0 1 0 2 1 0 3 0 0 2 1 0 2 1 0 0 1 0 1 0 0 1 1 0 1 0 0 1 0 0 0 0 0 1 0 0 0 1 0 1 1 0 1 0 0 1 1 0 1 1 0 0 1 0 0 0 0 0 1 0 3 0 0 3 0 0 0 1 0 0 0 0 2 0 0 1 0 0 2 0 0 0 0 0 2 1 0 0 0 0 1 1 0 3 0 1 0 0 0 0 0 0 2 0 0 0 0 0 1 0 0 0 1 0 2
0 120 1 0 0 0 1 0 1 0 2 0 0 3 0 0 1 0 0 1 1 0 1 0 0 3 0 0 3 0 0 3 0 0 2 0 0 0 0 0 2 0 0 1 0 1 0 1 0 2 0 0 3 0 1 0 1 0 1 0 0 1 0 0 1 1 0 3 0 0 1 1 0 0 0 0 1 0 1 0 1 0 1 0 1 0 0 1 0 1 0 0 1 0 0 0 1 0 0 0 3 0 0 2 1 0 0 0 1 0 0 1 0 0 0 2 0 0 1 1 0 1
1 121 1 0 0 2 0 0 0 1 0 1 0 0 1 1 0 1 0 0 3 0 1 0 0 0 2 0 0 2 0 0 1 1 0 3 0 0 0 0 1 0 1 0 2 0 0 0 1 0 1 0 0 2 0 1 0 0 0 3 0 0 2 0 1 0 0 0 2 1 0 2 0 0 1 0 0 3 0 0 0 0 1 0 0 1 0 0 0 0 0 0 2 0 0 1 1 0 3 0 0 3 0 0 0 1 0 0 1 0 3 0 1 0 0 1 0 1 0 2 0 1 0
1 121 2 0 1 0 1 0 0 0 0 3 0 0 3 0 1 0 0 0 2 0 0 3 0 0 0 1 0 3 0 1 0 0 0 2 1 0 0 0 0 0 1 0 0 1 0 0 0 1 0 0 0 0 0 0 3 0 0 3 0 0 0 0 0 3 0 0 2 0 0 0 1 0 1 1 0 1 0 1 0 1 0 3 0 1 0 0 0 0 0 1 0 1 0 2 1 0 3 0 0 1 1 0 0 0 0 2 1 0 3 0 1 0 0 0 0 1 0 1 0 0 2
0 123 1 0 0 0 1 0 0 0 1 1 0 2 0 0 2 0 0 3 0 0 1 0 0 1 1 0 0 1 0 3 0 0 3 0 0 1 1 0 0 0 0 1 0 0 2 0 0 1 1 0 2 1 0 0 1 0 2 0 0 1 0 1 0 1 0 1 1 0 3 0 0 1 0 1 0 1 0 3 0 0 0 1 0 3 0 0 2 1 0 1 0 0 0 1 0 2 0 0 2 1 0 2 0 0 1 1 0 1 0 0 3 0 0 2 1 0 1 0 1 0 0 0 0
0 124 1 0 0 1 1 0 3 0 0 0 0 0 1 0 0 0 0 0 1 1 0 1 0 0 3 0 0 2 1 0 3 0 0 1 1 0 2 0 0 1 0 0 2 0 1 0 1 0 2 1 0 1 1 0 1 1 0 0 1 0 2 0 0 0 1 0 0 0 0 2 1 0 2 0 0 0 1 0 2 1 0 0 1 0 3 0 0 0 1 0 2 0 0 1 1 0 1 0 0 1 0 0 0 1 0 2 0 1 0 0 0 2 0 0 0 1 0 2 1 0 2 1 0 0
0 124 2 0 1 0 0 0 2 0 1 0 0 0 2 0 0 0 0 0 3 0 1 0 0 0 2 0 0 1 0 0 2 1 0 2 1 0 0 1 0 1 1 0 0 0 1 0 1 0 1 1 0 3 0 1 0 1 0 1 1 0 0 1 0 0 0 0 1 1 0 1 0 0 0 1 0 0 1 0 1 1 0 1 1 0 2 1 0 0 1 0 0 1 0 2 0 0 3 0 0 2 0 0 1 1 0 1 0 0 3 0 0 0 1 0 0 1 0 2 0 0 1 1 0 0
0 126 1 0 0 0 0 3 0 0 1 0 0 3 0 0 0 0 1 0 1 0 2 0 0 3 0 0 0 1 0 1 1 0 1 0 0 1 1 0 1 0 1 0 1 0 1 0 0 0 1 0 0 0 0 3 0 1 0 0 1 0 1 0 1 0 0 1 0 0 3 0 0 3 0 0 1 0 0 2 1 0 0 0 0 0 0 0 1 1 0 1 0 0 2 1 0 1 0 0 1 1 0 3 0 0 3 0 1 0 0 0 1 1 0 0 0 0 2 1 0 0 1 0 2 0 0 1
0 127 1 0 0 1 1 0 1 1 0 1 1 0 1 1 0 0 0 0 0 1 0 1 0 0 1 1 0 0 0 1 0 1 0 2 0 0 3 0 1 0 0 1 0 0 0 3 0 0 1 0 0 1 1 0 2 0 1 0 0 0 0 0 0 3 0 0 2 1 0 2 0 0 1 1 0 1 1 0 0 1 0 0 0 0 0 0 0 3 0 1 0 0 0 0 1 0 2 0 1 0 0 0 3 0 0 2 0 0 2 1 0 3 0 0 1 1 0 0 1 0 1 1 0 0 1 0 1
1 127 2 0 0 3 0 1 0 1 0 3 0 1 0 1 0 0 0 0 1 0 0 3 0 0 3 0 0 2 0 0 0 1 0 1 0 0 2 0 0 3 0 1 0 1 0 1 1 0 1 0 1 0 0 0 1 0 0 2 1 0 0 1 0 2 0 0 1 0 0 0 1 0 2 0 1 0 1 0 1 0 0 1 0 0 0 1 0 2 0 0 2 1 0 1 1 0 1 0 0 3 0 0 3 0 0 0 0 0 1 0 0 2 1 0 2 0 0 2 0 1 0 1 0 1 0 1 0
1 129 1 0 0 0 0 2 0 1 0 1 0 3 0 1 0 0 0 1 0 0 2 1 0 2 0 0 1 1 0 3 0 0 1 0 1 0 0 0 0 0 0 2 0 1 0 0 1 0 1 0 2 1 0 2 1 0 2 1 0 0 1 0 1 1 0 0 1 0 1 0 0 1 1 0 1 0 1 0 0 0 3 0 0 2 0 0 1 1 0 1 0 0 0 1 0 3 0 1 0 0 0 2 0 0 1 0 1 0 0 0 2 1 0 1 0 0 1 0 0 0 0 1 0 0 1 0 0 0 2
0 130 1 0 0 1 1 0 0 0 1 0 1 0 3 0 0 2 1 0 2 1 0 1 0 0 0 1 0 2 1 0 2 1 0 1 1 0 2 1 0 0 1 0 0 0 1 0 0 0 0 1 0 2 0 0 2 0 0 1 1 0 1 0 1 0 1 0 1 0 0 3 0 0 3 0 1 0 0 0 3 0 0 2 1 0 3 0 0 3 0 0 3 0 0 1 1 0 3 0 0 3 0 0 0 1 0 1 1 0 3 0 0 1 1 0 2 0 0 2 0 0 0 1 0 3 0 1 0 1 0 0
0 130 2 0 0 3 0 0 2 0 0 0 1 0 3 0 0 1 0 0 1 1 0 2 0 0 1 1 0 2 0 0 2 0 0 0 0 0 1 1 0 1 0 0 1 1 0 2 1 0 1 1 0 0 1 0 3 0 0 3 0 1 0 0 1 0 0 1 0 0 0 2 0 0 2 0 0 3 0 0 3 0 0 1 0 0 3 0 0 2 0 0 1 1 0 2 1 0 3 0 0 1 1 0 0 1 0 0 0 0 2 1 0 2 1 0 0 1 0 3 0 0 1 1 0 3 0 1 0 0 0 1
1 132 1 0 0 0 0 1 1 0 3 0 0 1 1 0 2 1 0 1 0 1 0 0 0 0 1 0 2 1 0 0 1 0 3 0 0 0 0 0 3 0 0 3 0 1 0 0 0 1 1 0 3 0 0 2 1 0 3 0 0 2 0 0 3 0 1 0 1 0 3 0 0 1 0 0 0 0 0 2 0 0 1 1 0 1 1 0 1 1 0 3 0 1 0 0 0 2 0 0 2 1 0 2 0 0 2 0 0 1 1 0 1 0 0 1 1 0 1 1 0 2 1 0 2 1 0 3 0 0 2 1 0 2
0 133 1 0 0 1 0 1 0 0 0 2 1 0 2 1 0 1 1 0 2 1 0 2 1 0 1 1 0 1 1 0 1 1 0 2 0 1 0 1 0 2 0 0 2 0 0 3 0 0 0 0 0 3 0 0 1 0 0 3 0 0 0 0 0 2 0 1 0 1 0 2 1 0 1 0 0 0 0 1 0 1 0 2 1 0 0 0 0 0 0 0 3 0 0 3 0 0 1 0 0 1 0 0 0 1 0 3 0 0 3 0 0 3 0 1 0 0 0 0 0 0 2 0 0 2 0 0 3 0 0 1 0 0 1
1 133 2 0 0 2 1 0 3 0 0 2 0 0 2 0 0 0 0 0 2 0 0 2 0 0 0 0 0 0 0 0 0 0 0 1 0 1 0 1 0 1 0 0 0 0 0 1 0 1 0 1 0 1 1 0 1 1 0 1 0 1 0 1 0 0 0 1 0 1 0 1 1 0 2 0 0 1 0 0 0 1 0 1 1 0 0 0 0 0 1 0 2 0 0 1 1 0 1 0 0 2 0 0 1 1 0 3 0 0 2 0 0 2 0 0 2 1 0 0 1 0 0 0 0 0 0 0 1 1 0 1 0 0 2
0 135 1 0 0 0 0 1 0 0 2 1 0 3 0 1 0 0 1 0 0 1 0 1 0 3 0 0 0 0 0 0 0 0 0 0 0 3 0 0 0 0 0 3 0 0 0 0 0 3 0 0 0 0 1 0 1 0 3 0 1 0 0 1 0 0 0 2 0 0 0 1 0 0 0 0 0 1 0 1 0 0 1 0 1 0 1 0 0 0 0 1 1 0 0 1 0 2 0 0 3 0 1 0 1 0 2 1 0 3 0 0 0 0 0 0 0 0 0 1 0 1 0 0 1 0 0 0 0 0 3 0 1 0 0 0 0
0 136 1 0 0 1 0 0 2 1 0 1 0 0 3 0 1 0 0 0 0 0 0 0 1 0 2 0 1 0 0 0 0 0 0 0 1 0 1 0 1 0 1 0 1 0 1 0 1 0 1 1 0 0 0 0 0 1 0 3 0 0 3 0 1 0 0 1 0 1 0 0 0 0 1 0 0 1 0 0 3 0 0 3 0 0 0 0 0 1 0 0 3 0 0 2 1 0 1 0 0 2 0 1 0 1 0 2 0 0 2 0 1 0 0 0 0 0 0 1 0 0 3 0 0 2 0 0 0 1 0 2 0 0 2 1 0 0
0 136 2 0 0 2 1 0 0 1 0 2 1 0 2 0 0 2 1 0 0 0 0 1 1 0 1 0 0 2 1 0 0 0 0 1 0 1 0 0 1 0 0 1 0 0 1 0 0 1 0 1 0 0 0 0 1 1 0 3 0 0 2 0 1 0 0 0 0 0 0 1 0 0 2 0 0 2 1 0 2 0 0 1 0 1 0 0 0 2 1 0 2 0 0 0 1 0 2 1 0 0 0 1 0 1 0 1 0 0 0 0 0 2 1 0 0 0 0 2 1 0 1 1 0 3 0 0 1 1 0 1 0 0 0 1 0 0
0 138 1 0 0 0 0 0 1 0 1 1 0 2 0 0 1 0 0 0 1 0 0 0 0 3 0 1 0 0 0 0 1 0 0 0 0 3 0 0 0 0 0 0 0 0 0 0 0 0 0 0 0 0 0 1 0 1 0 0 0 3 0 0 0 0 0 2 1 0 0 0 0 2 1 0 0 0 0 1 0 0 0 1 0 1 1 0 3 0 0 2 0 0 0 1 0 0 1 0 1 1 0 1 0 0 0 0 0 3 0 0 0 1 0 0 1 0 0 1 0 1 0 0 0 0 0 2 1 0 2 0 0 3 0 0 1 0 0 1
1 139 1 0 0 1 0 0 1 1 0 0 0 0 0 1 0 1 0 0 1 0 0 1 1 0 2 0 0 2 1 0 1 0 0 1 1 0 1 0 1 0 0 0 0 0 0 0 0 0 0 0 0 0 0 0 2 1 0 3 0 0 2 0 1 0 1 0 0 1 0 0 1 0 0 1 0 0 0 0 2 0 0 1 1 0 0 0 0 2 1 0 3 0 0 1 0 0 2 0 1 0 1 0 2 0 0 0 1 0 1 1 0 0 0 0 2 0 0 2 0 0 3 0 0 0 1 0 1 0 0 1 0 0 1 1 0 1 0 0 2
0 139 2 0 0 2 0 0 3 0 0 1 0 0 1 0 0 3 0 0 2 0 1 0 0 0 1 0 0 0 1 0 2 0 0 3 0 1 0 0 0 2 1 0 0 0 0 0 0 0 0 0 0 0 1 0 1 0 0 3 0 0 0 0 1 0 0 0 2 0 0 2 0 0 2 0 0 1 0 1 0 1 0 2 0 0 1 1 0 1 0 0 2 1 0 1 1 0 0 0 1 0 1 0 0 1 0 0 0 1 0 1 0 0 1 0 0 0 0 0 0 0 1 1 0 0 0 0 3 0 0 2 0 0 3 0 1 0 0 0 0
0 141 1 0 0 0 0 0 0 0 1 1 0 1 0 0 2 1 0 2 0 0 0 0 0 2 1 0 2 0 0 1 1 0 1 0 0 2 0 0 3 0 0 1 1 0 0 0 0 0 0 0 0 0 0 1 0 1 0 0 0 1 0 1 0 1 0 3 0 0 0 1 0 3 0 1 0 1 0 2 0 0 0 1 0 0 1 0 2 0 1 0 0 0 0 1 0 3 0 0 2 0 0 0 0 0 2 0 0 2 0 0 0 0 0 2 0 0 1 0 0 0 0 0 3 0 0 1 1 0 2 0 0 0 0 0 2 0 0 2 1 0 0
0 142 1 0 0 1 0 0 0 0 0 3 0 1 0 0 0 1 0 0 0 0 1 0 1 0 1 0 0 0 1 0 2 0 1 0 0 0 0 0 0 1 1 0 2 0 0 1 0 0 0 0 0 0 0 0 2 1 0 2 1 0 3 0 0 0 1 0 2 1 0 0 1 0 3 0 1 0 1 0 0 1 0 0 0 0 2 1 0 1 0 0 2 1 0 1 1 0 2 1 0 3 0 0 0 0 1 0 1 0 3 0 0 0 0 1 0 1 0 1 0 0 0 1 0 1 1 0 2 1 0 0 0 1 0 1 0 0 0 0 0 1 0 0
0 142 2 0 0 2 0 0 0 1 0 2 0 0 2 1 0 2 0 0 1 0 0 0 0 0 3 0 0 1 1 0 1 0 0 2 1 0 0 0 1 0 0 0 0 1 0 1 0 0 0 0 0 0 1 0 1 0 0 2 0 0 2 1 0 0 1 0 1 1 0 1 1 0 3 0 1 0 0 0 2 0 0 1 1 0 0 1 0 2 1 0 1 0 0 0 0 0 2 0 0 2 1 0 0 0 0 0 1 0 2 1 0 0 0 0 0 0 0 3 0 0 1 1 0 0 0 0 1 1 0 1 0 0 0 0 0 1 0 0 1 0 0 1
1 143 1 0 1 0 3 0 0 1 1 0 1 0 0 1 0 0 0 1 0 1 0 0 0 1 0 1 1 0 2 0 1 0 0 0 0 1 0 0 1 0 2 1 0 1 0 0 3 0 0 0 0 0 1 0 1 0 0 0 0 0 0 0 1 0 1 1 0 0 0 0 0 0 0 3 0 0 3 0 0 0 1 0 2 0 0 2 1 0 1 1 0 2 0 0 0 1 0 0 0 0 0 1 0 0 0 0 1 1 0 1 1 0 0 0 0 0 1 0 1 1 0 2 0 0 1 0 0 3 0 0 3 0 0 0 0 0 2 0 0 2 0 0 2
0 145 1 0 0 0 1 0 2 1 0 2 0 0 3 0 0 2 0 0 1 0 0 3 0 0 1 1 0 0 0 0 1 0 0 2 1 0 1 0 0 2 1 0 1 1 0 2 1 0 1 0 1 0 0 0 2 1 0 2 1 0 0 0 0 1 0 1 0 1 0 0 0 0 0 1 0 2 0 0 1 1 0 0 1 0 1 0 0 1 0 0 0 0 0 0 1 0 0 0 0 1 0 0 1 0 0 1 0 0 3 0 1 0 1 0 0 0 0 1 1 0 0 0 0 0 1 0 1 1 0 2 0 0 1 0 1 0 1 0 0 0 0 0 0 0 0
0 145 2 0 0 1 1 0 2 0 0 1 0 0 1 1 0 3 0 0 2 1 0 1 1 0 2 0 0 1 0 0 2 1 0 0 1 0 2 1 0 1 0 0 0 0 0 1 1 0 2 1 0 3 0 0 2 0 0 1 1 0 0 0 0 3 0 0 0 0 0 1 0 0 1 1 0 0 1 0 2 0 0 2 0 0 3 0 0 2 0 0 0 0 0 1 0 0 1 0 0 2 0 0 2 0 0 2 1 0 2 0 1 0 0 0 1 0 0 3 0 0 1 0 0 1 1 0 0 0 0 0 1 0 2 0 0 0 0 0 1 0 0 0 0 0 0
0 146 1 0 1 0 2 1 0 0 1 0 1 0 1 0 0 0 3 0 0 1 0 0 0 0 0 0 1 0 1 1 0 0 1 0 1 1 0 1 1 0 2 0 0 0 0 1 0 0 0 2 0 0 2 1 0 3 0 0 3 0 0 1 1 0 1 0 1 0 0 0 2 0 0 3 0 0 2 1 0 1 0 0 0 0 0 1 1 0 3 0 0 0 0 0 2 0 0 2 1 0 0 0 0 0 0 0 1 0 0 1 0 0 2 1 0 2 1 0 1 1 0 1 0 0 3 0 0 1 0 0 1 1 0 0 0 1 0 0 0 2 0 0 0 0 0 0
0 148 1 0 0 0 1 0 1 1 0 1 0 1 0 0 0 3 0 0 2 1 0 1 0 0 0 0 0 1 0 1 0 1 0 1 1 0 0 0 0 0 0 0 0 0 1 0 1 0 3 0 0 1 0 0 1 0 0 3 0 0 1 1 0 2 0 1 0 0 0 3 0 0 1 0 0 2 0 0 0 1 0 2 0 0 0 0 1 0 0 0 2 0 1 0 1 0 0 0 0 0 1 0 0 0 0 0 0 0 2 0 0 2 1 0 1 0 0 1 1 0 3 0 1 0 0 0 1 1 0 1 0 0 3 0 0 1 1 0 3 0 0 0 0 1 0 0 0 0
0 148 2 0 0 1 0 1 0 1 0 2 1 0 3 0 0 3 0 0 0 1 0 2 0 0 0 0 0 3 0 0 0 0 1 0 1 0 0 0 0 0 0 0 1 0 0 0 1 0 2 1 0 1 0 0 2 1 0 1 1 0 2 1 0 1 0 0 3 0 0 2 1 0 1 0 1 0 1 0 0 1 0 0 0 1 0 1 0 3 0 0 1 0 1 0 0 0 1 0 0 1 0 0 1 0 0 0 1 0 0 0 0 0 1 0 2 0 1 0 0 0 3 0 0 2 1 0 3 0 1 0 0 0 1 1 0 2 1 0 2 0 1 0 1 0 2 1 0 0
0 149 1 0 1 0 2 0 0 0 1 0 2 0 0 3 0 0 1 1 0 0 1 0 0 0 1 0 1 0 1 1 0 0 0 0 0 0 0 1 0 0 0 0 0 2 0 0 1 1 0 1 1 0 2 1 0 1 0 0 0 0 0 1 1 0 2 1 0 2 0 0 0 1 0 3 0 0 0 0 0 2 0 0 2 0 0 0 1 0 2 1 0 1 1 0 2 1 0 2 0 0 2 0 0 2 0 0 1 0 0 1 0 0 1 1 0 1 0 0 3 0 0 3 0 0 1 0 0 3 0 0 3 0 0 0 0 0 2 0 0 1 0 1 0 1 0 1 1 0 0
0 151 1 0 0 0 1 0 0 1 0 0 1 0 1 0 0 1 1 0 2 0 0 2 0 0 2 0 0 0 0 1 0 1 0 0 0 0 0 0 0 2 0 0 0 0 1 0 1 0 2 1 0 0 0 0 1 1 0 2 0 0 0 0 1 0 0 0 2 0 0 0 1 0 0 1 0 2 0 1 0 0 1 0 1 0 3 0 0 1 1 0 2 0 0 0 0 0 2 0 0 0 1 0 3 0 1 0 1 0 1 0 0 2 0 0 3 0 1 0 0 0 2 0 0 1 1 0 1 1 0 2 0 0 1 0 1 0 0 1 0 1 0 2 0 0 0 0 1 0 1 0 0
0 151 2 0 0 1 0 0 2 0 0 2 0 0 3 0 1 0 0 0 0 1 0 3 0 1 0 1 0 0 0 0 0 0 0 1 0 0 0 0 1 0 1 0 0 0 0 0 1 0 1 1 0 0 0 1 0 0 0 0 0 1 0 1 0 3 0 0 0 1 0 0 0 0 2 1 0 1 0 1 0 0 0 0 1 0 2 1 0 2 1 0 0 0 1 0 0 1 0 1 0 0 1 0 3 0 1 0 0 1 0 0 0 0 0 0 2 0 0 3 0 0 0 1 0 2 1 0 0 0 0 0 1 0 2 0 0 0 0 0 0 1 0 0 1 0 0 0 0 0 0 0 1
1 152 1 0 1 0 1 1 0 0 0 0 0 0 0 2 0 0 2 1 0 1 1 0 3 0 1 0 0 0 1 0 0 0 0 0 2 0 0 1 0 0 0 0 0 1 0 0 1 0 1 0 1 0 0 1 0 2 1 0 1 0 0 0 1 0 2 1 0 0 0 0 1 1 0 0 1 0 2 1 0 2 1 0 1 1 0 2 0 0 1 1 0 1 0 0 0 0 0 0 0 0 2 1 0 3 0 0 3 0 1 0 0 0 0 1 0 0 0 0 1 1 0 0 1 0 1 1 0 0 0 0 1 1 0 0 0 1 0 0 0 1 0 0 2 0 0 1 0 0 0 0 0 2
0 154 1 0 0 0 0 1 0 1 0 0 0 0 0 1 0 0 0 0 1 0 0 0 0 0 3 0 0 2 1 0 2 0 0 0 0 1 0 1 0 1 0 0 0 0 0 2 0 0 3 0 0 0 0 0 2 1 0 1 1 0 2 0 0 1 1 0 1 1 0 0 0 0 3 0 0 2 1 0 2 0 0 2 0 0 0 0 0 0 1 0 2 0 0 3 0 0 0 0 0 0 1 0 1 0 0 3 0 0 2 0 0 2 1 0 1 0 0 1 0 0 3 0 0 2 0 1 0 1 0 0 0 0 3 0 0 1 1 0 2 1 0 2 0 1 0 1 0 1 0 0 0 1 0 0
0 154 2 0 0 1 0 0 0 0 0 1 0 0 1 0 0 1 0 0 2 0 0 0 1 0 2 0 0 1 0 0 0 1 0 0 0 0 0 0 0 3 0 0 0 1 0 0 0 0 1 0 1 0 1 0 1 0 0 0 0 0 0 1 0 2 0 1 0 1 0 0 1 0 2 0 0 1 0 0 0 1 0 3 0 0 0 0 0 1 1 0 1 0 0 1 0 1 0 0 0 1 0 1 0 0 0 2 0 0 0 0 0 0 1 0 2 0 0 2 1 0 2 0 0 0 0 1 0 0 0 1 1 0 1 1 0 2 1 0 2 0 0 1 0 1 0 0 0 3 0 0 1 0 0 1
1 155 1 0 1 0 1 0 0 0 0 0 2 0 0 2 0 0 2 0 1 0 1 0 0 1 0 0 1 0 1 0 0 1 0 0 1 0 0 0 1 0 1 1 0 0 0 0 1 0 0 3 0 0 0 0 0 3 0 0 0 0 0 1 1 0 1 0 1 0 0 0 2 1 0 0 1 0 1 0 0 1 1 0 2 0 1 0 0 0 3 0 0 3 0 0 2 1 0 2 1 0 2 1 0 3 0 0 0 0 1 0 0 0 1 1 0 1 0 0 1 0 0 0 0 1 0 1 0 3 0 0 0 0 0 0 0 0 2 0 0 0 1 0 1 1 0 3 0 0 2 1 0 1 0 0 2
0 157 1 0 0 0 0 0 3 0 0 0 1 0 0 0 0 0 0 0 0 0 1 0 0 0 2 0 0 2 0 0 3 0 0 2 0 0 2 0 0 1 0 1 0 1 0 0 0 0 2 1 0 1 0 1 0 1 0 1 0 1 0 0 0 3 0 1 0 0 0 3 0 0 1 1 0 1 0 0 3 0 1 0 0 0 1 0 0 3 0 0 3 0 0 2 0 0 1 0 0 2 0 0 2 0 0 2 0 1 0 1 0 2 1 0 3 0 0 3 0 0 2 0 0 1 0 0 0 1 0 2 0 1 0 0 0 0 0 1 0 1 0 0 1 0 0 0 0 3 0 0 0 1 0 2 1 0 0
0 157 2 0 0 0 1 0 1 1 0 0 0 0 1 0 0 0 0 0 0 1 0 3 0 0 1 0 0 0 0 0 1 1 0 3 0 1 0 1 0 2 0 0 0 0 0 1 1 0 0 1 0 3 0 0 0 0 1 0 0 0 3 0 0 3 0 0 3 0 0 2 1 0 2 0 1 0 0 0 2 0 0 2 1 0 2 1 0 2 0 0 1 1 0 3 0 0 2 1 0 0 0 0 0 0 0 0 0 1 0 1 0 2 0 0 3 0 0 1 1 0 3 0 0 2 0 0 1 1 0 1 0 0 2 1 0 1 0 0 0 0 0 2 0 0 1 1 0 1 1 0 0 1 0 1 1 0 0
0 158 1 0 1 0 0 0 1 0 1 0 0 0 0 2 0 0 0 0 0 1 1 0 2 1 0 1 0 0 0 0 1 0 0 0 3 0 1 0 1 0 0 0 1 0 0 0 3 0 0 2 1 0 2 0 1 0 1 0 3 0 0 3 0 0 2 0 0 2 0 0 1 0 0 1 0 0 3 0 0 1 0 0 1 0 0 2 0 0 0 1 0 2 1 0 3 0 0 0 1 0 0 0 0 0 0 0 1 0 0 0 1 0 1 0 0 1 1 0 2 1 0 2 1 0 3 0 0 3 0 1 0 0 0 0 1 0 2 0 0 0 0 1 0 1 0 2 0 1 0 1 0 1 0 1 0 1 0 0
0 160 1 0 0 0 0 0 2 0 0 0 0 0 1 0 1 0 0 1 0 0 1 0 0 0 1 1 0 2 0 0 0 1 0 3 0 0 3 0 1 0 0 0 1 1 0 3 0 0 3 0 0 1 0 0 1 0 1 0 1 0 3 0 0 1 1 0 3 0 1 0 1 0 1 0 0 2 1 0 1 1 0 1 0 0 2 0 1 0 1 0 0 1 0 2 0 0 2 1 0 0 0 0 1 0 0 0 0 0 2 0 0 1 0 0 3 0 1 0 0 0 2 0 0 2 0 0 3 0 0 2 0 0 2 1 0 1 1 0 0 1 0 0 0 0 0 1 0 1 0 1 0 0 1 0 0 1 0 0 0 1
1 160 2 0 0 0 0 1 0 0 1 0 0 0 2 1 0 3 0 1 0 1 0 3 0 0 0 0 0 0 1 0 0 1 0 3 0 0 2 0 0 3 0 0 0 0 0 3 0 0 1 1 0 1 0 0 3 0 0 0 1 0 2 1 0 2 1 0 3 0 1 0 0 1 0 0 0 0 1 0 3 0 1 0 0 0 0 0 1 0 0 0 2 1 0 1 0 0 0 1 0 0 0 0 2 0 0 0 0 1 0 1 0 1 1 0 2 0 0 3 0 0 1 0 0 0 0 0 2 0 0 0 0 0 0 1 0 3 0 0 2 0 0 1 0 0 1 0 1 0 0 0 3 0 1 0 1 0 2 1 0 2
0 161 1 0 0 1 0 1 0 3 0 1 0 1 0 1 0 0 3 0 1 0 1 0 2 0 1 0 0 0 1 0 0 2 1 0 3 0 0 0 0 0 1 0 1 0 1 0 1 1 0 2 0 1 0 0 0 1 1 0 0 1 0 2 0 0 2 0 0 3 0 0 3 0 1 0 0 0 1 1 0 3 0 0 2 1 0 0 1 0 3 0 0 1 1 0 2 0 0 1 0 0 1 0 1 0 1 0 0 0 0 0 1 0 0 0 0 1 0 0 1 1 0 1 0 0 0 0 1 0 0 1 0 0 0 1 1 0 2 1 0 3 0 0 2 0 0 2 1 0 3 0 0 3 0 1 0 1 0 2 0 0 1
0 163 1 0 0 0 0 0 0 1 0 3 0 1 0 0 1 0 0 0 2 0 1 0 1 0 1 0 0 2 1 0 2 1 0 1 0 0 2 0 1 0 0 0 3 0 0 0 1 0 0 0 0 1 0 0 2 1 0 3 0 0 2 1 0 1 0 0 0 0 0 2 0 0 2 0 0 3 0 0 0 0 0 3 0 0 0 1 0 1 1 0 2 1 0 2 1 0 0 1 0 1 0 0 3 0 0 0 0 0 1 0 0 1 0 0 1 0 0 2 0 0 3 0 0 3 0 0 0 1 0 3 0 1 0 0 1 0 0 0 2 0 0 3 0 0 0 0 0 1 0 0 3 0 0 2 0 1 0 1 0 0 1 0 1
1 163 2 0 0 0 0 0 1 1 0 3 0 0 3 0 1 0 1 0 0 0 1 0 0 1 0 0 0 1 0 0 1 1 0 2 1 0 0 0 0 3 0 0 2 1 0 0 0 0 1 0 0 2 1 0 1 0 0 3 0 0 0 1 0 2 0 0 0 1 0 0 0 0 0 0 0 1 0 1 0 1 0 1 1 0 0 1 0 0 0 0 2 0 0 1 1 0 1 0 1 0 0 0 1 0 1 0 0 0 2 0 0 2 0 0 2 1 0 0 0 0 2 0 0 1 1 0 0 1 0 3 0 0 3 0 1 0 1 0 0 0 0 1 0 1 0 0 0 2 1 0 2 0 0 0 0 1 0 0 0 2 0 1 0
1 164 1 0 0 1 0 0 1 0 0 0 3 0 0 2 0 1 0 0 0 1 1 0 3 0 1 0 0 0 2 0 1 0 0 0 1 1 0 0 1 0 2 0 0 0 1 0 0 0 0 2 1 0 0 1 0 2 1 0 1 1 0 0 1 0 0 1 0 0 0 0 1 0 0 0 0 0 3 0 0 0 0 1 0 1 0 1 0 0 1 0 1 0 1 0 2 0 1 0 0 0 2 1 0 2 1 0 3 0 0 1 0 0 0 0 0 0 1 0 0 0 1 0 1 0 2 0 0 2 1 0 3 0 0 2 0 1 0 0 0 1 0 0 2 1 0 3 0 0 2 0 0 0 0 1 0 1 0 3 0 0 1 0 0 2
0 165 1 0 3 0 1 0 1 0 3 0 0 3 0 0 0 0 0 3 0 0 0 0 0 3 0 0 3 0 0 1 0 0 2 1 0 3 0 0 2 1 0 0 1 0 0 0 0 1 1 0 0 1 0 1 1 0 1 1 0 3 0 0 2 0 0 2 0 0 1 0 0 2 0 0 0 1 0 1 1 0 0 0 0 0 0 0 3 0 0 3 0 0 0 1 0 1 0 0 3 0 0 2 0 0 2 0 0 2 1 0 1 0 0 0 0 0 1 0 0 2 0 0 0 1 0 1 0 0 1 0 0 3 0 0 0 0 0 2 1 0 2 1 0 1 0 0 2 1 0 3 0 0 1 0 0 0 1 0 2 1 0 1 1 0 0
0 166 1 1 0 3 0 1 0 1 0 3 0 0 1 0 1 0 1 0 1 0 1 0 1 0 2 0 0 1 1 0 1 1 0 1 0 0 3 0 0 0 1 0 1 0 0 1 0 0 3 0 0 2 1 0 0 0 0 0 0 0 2 1 0 3 0 1 0 1 0 1 0 1 0 1 0 0 0 1 0 1 0 0 0 0 0 1 0 2 0 0 1 1 0 0 0 1 0 0 0 2 0 0 0 0 0 0 0 0 0 1 0 2 0 0 0 0 0 2 0 1 0 1 0 0 0 0 3 0 0 2 1 0 1 0 1 0 1 0 1 0 0 1 1 0 2 1 0 1 0 0 2 1 0 1 0 0 1 1 0 1 1 0 3 0 0 1
0 167 1 0 0 0 3 0 1 0 1 0 2 1 0 2 0 0 0 0 1 0 0 1 0 1 0 0 1 0 2 0 1 0 1 0 2 1 0 1 1 0 0 0 0 3 0 0 2 1 0 2 0 0 0 1 0 0 0 0 0 1 0 1 0 0 3 0 1 0 0 1 0 0 1 0 0 0 2 0 0 0 0 0 1 0 0 1 1 0 0 1 0 2 0 0 1 1 0 3 0 0 0 0 1 0 0 0 0 0 0 1 1 0 0 0 1 0 1 0 0 0 1 0 0 0 1 1 0 2 0 0 0 1 0 3 0 0 0 0 0 3 0 1 0 0 0 1 1 0 2 1 0 0 1 0 2 0 1 0 0 0 0 0 0 2 1 0 1
1 168 1 0 3 0 0 3 0 1 0 1 0 2 0 0 0 1 0 0 0 0 0 0 0 0 0 0 2 1 0 1 0 1 0 1 0 1 1 0 3 0 0 1 1 0 2 0 0 1 0 0 0 1 0 0 0 0 1 0 0 1 0 1 0 0 0 2 0 0 3 0 1 0 1 0 3 0 0 0 0 1 0 0 0 2 0 0 3 0 0 2 1 0 0 1 0 2 1 0 2 0 1 0 1 0 2 1 0 0 0 0 3 0 0 2 0 0 0 0 0 1 1 0 3 0 0 0 0 0 0 1 0 0 1 0 2 0 1 0 1 0 2 0 0 3 0 0 0 0 0 1 1 0 1 1 0 1 0 0 2 1 0 0 1 0 0 1 0 2
0 169 1 1 0 3 0 0 2 0 1 0 1 0 0 1 0 0 0 0 1 0 0 0 0 0 0 1 0 0 1 0 3 0 0 0 1 0 0 0 0 2 1 0 2 1 0 0 1 0 1 0 0 1 0 0 1 0 0 2 0 0 2 1 0 3 0 0 1 0 0 2 0 1 0 1 0 2 0 1 0 1 0 3 0 0 1 0 0 2 0 0 0 1 0 1 1 0 2 0 0 1 0 1 0 1 0 1 1 0 0 1 0 1 1 0 3 0 0 0 0 1 0 0 0 2 0 1 0 0 0 1 0 0 2 1 0 1 0 1 0 1 0 1 0 0 1 0 1 0 0 0 3 0 1 0 1 0 2 1 0 0 1 0 1 0 0 2 1 0 1
1 170 1 0 0 0 3 0 0 0 0 1 0 0 0 2 0 0 1 0 0 2 0 0 0 0 0 1 0 0 2 1 0 2 1 0 0 0 0 1 1 0 1 0 0 1 1 0 1 0 0 3 0 0 2 0 0 2 1 0 0 0 0 1 0 0 2 1 0 1 1 0 0 0 1 0 1 0 1 0 1 0 1 0 2 1 0 1 0 1 0 1 0 0 1 0 0 0 0 0 1 0 2 0 0 0 0 1 0 1 0 1 1 0 0 0 0 2 0 1 0 1 0 3 0 0 1 0 0 2 1 0 2 1 0 0 1 0 3 0 0 0 0 0 3 0 0 2 1 0 3 0 0 3 0 1 0 1 0 1 1 0 1 0 1 0 0 0 0 1 0 2
0 171 1 0 3 0 0 2 0 1 0 1 0 3 0 0 0 1 0 1 0 1 0 0 1 0 0 0 2 1 0 1 0 0 1 1 0 0 0 0 3 0 0 3 0 0 3 0 1 0 0 0 2 0 0 0 0 0 0 1 0 0 0 0 2 1 0 0 1 0 3 0 0 2 0 0 0 0 1 0 0 1 0 1 0 1 1 0 3 0 0 0 0 0 2 0 0 1 0 0 1 1 0 0 1 0 0 0 0 0 0 1 0 1 0 0 1 0 0 0 1 0 1 0 2 1 0 1 1 0 1 0 0 1 1 0 1 1 0 2 0 1 0 1 0 2 0 0 1 0 0 3 0 0 2 0 1 0 0 1 0 1 0 2 1 0 2 1 0 1 1 0 1
1 172 1 1 0 3 0 0 0 0 1 0 1 0 2 1 0 0 0 1 0 0 0 3 0 1 0 1 0 0 1 0 2 0 0 3 0 0 1 1 0 2 0 0 2 0 0 2 0 0 3 0 0 0 0 1 0 0 0 1 0 0 1 1 0 0 1 0 1 1 0 2 1 0 3 0 0 1 0 0 0 0 0 0 1 0 0 0 0 2 0 1 0 0 1 0 1 0 1 0 0 3 0 0 2 0 0 1 0 0 1 0 0 0 0 0 2 0 0 2 0 0 0 1 0 1 1 0 3 0 0 3 0 1 0 0 0 0 0 0 1 0 1 0 1 0 0 1 0 1 1 0 2 0 0 0 0 1 0 0 0 0 1 0 2 0 0 1 1 0 3 0 1 0
0 173 1 0 0 0 2 1 0 0 0 0 0 1 0 1 1 0 0 1 0 3 0 0 3 0 1 0 0 0 2 1 0 1 0 0 1 1 0 2 1 0 1 0 0 0 0 0 0 0 0 1 0 1 0 1 0 2 1 0 2 0 0 3 0 0 2 1 0 0 0 0 2 0 0 2 1 0 1 0 0 0 0 0 1 0 0 1 1 0 0 0 1 0 0 0 0 0 1 0 0 0 1 1 0 3 0 0 2 0 0 2 0 0 0 0 1 0 1 0 3 0 0 1 1 0 0 0 0 3 0 0 2 0 0 2 1 0 0 0 0 3 0 0 0 0 0 2 1 0 0 0 0 0 0 1 0 1 0 2 1 0 1 1 0 0 1 0 2 1 0 3 0 0 2
1 174 1 0 3 0 0 1 1 0 0 0 0 1 0 1 0 1 0 1 1 0 3 0 0 2 0 0 3 0 0 1 1 0 2 0 1 0 0 0 1 1 0 2 0 0 0 0 0 0 0 0 3 0 0 0 1 0 2 0 0 1 0 0 2 0 0 0 1 0 0 1 0 0 0 0 0 1 0 2 0 0 0 0 0 2 0 0 3 0 0 1 1 0 2 1 0 0 1 0 3 0 0 0 0 0 2 1 0 3 0 1 0 1 0 0 0 0 0 1 0 2 1 0 2 0 0 1 1 0 2 0 0 0 0 0 0 1 0 0 1 0 1 0 1 0 1 0 0 1 0 0 0 0 1 0 0 0 1 0 1 1 0 3 0 0 2 1 0 2 0 0 3 0 0 0
1 175 1 1 0 2 1 0 2 0 0 1 0 0 3 0 0 0 1 0 0 0 0 3 0 0 0 0 0 1 1 0 2 1 0 1 0 0 3 0 0 0 0 0 0 0 1 0 0 0 0 1 0 1 1 0 0 1 0 0 1 0 1 0 1 0 1 0 0 0 0 2 0 0 1 0 0 1 1 0 0 0 1 0 1 0 0 0 0 1 1 0 2 1 0 1 1 0 1 1 0 2 0 1 0 1 0 1 0 0 3 0 1 0 0 0 1 0 0 1 1 0 2 0 0 0 1 0 2 1 0 0 0 1 0 0 0 1 0 0 2 0 1 0 0 1 0 0 0 2 0 0 1 0 0 2 0 0 1 1 0 0 0 0 3 0 0 1 0 0 1 0 0 1 0 1 0
1 176 1 0 0 0 2 0 0 0 1 0 1 1 0 1 1 0 0 0 0 1 1 0 1 0 1 0 0 1 0 0 0 1 1 0 2 1 0 1 0 1 0 0 0 0 1 0 2 1 0 1 0 1 0 1 0 1 0 0 2 0 1 0 0 1 0 0 0 1 0 1 0 1 0 1 0 0 3 0 0 2 0 0 0 0 0 1 0 1 0 0 0 2 0 0 0 0 0 0 0 0 1 0 1 0 0 1 0 0 0 2 0 0 2 1 0 2 0 1 0 0 0 0 1 0 0 1 0 1 1 0 0 1 0 2 1 0 2 1 0 0 0 0 3 0 1 0 0 1 0 1 0 1 0 1 0 1 0 2 0 0 1 1 0 1 1 0 1 0 0 2 0 0 2 1 0 2
0 177 1 0 3 0 0 0 1 0 0 0 1 0 1 0 3 0 0 1 0 0 3 0 1 0 0 0 3 0 1 0 0 1 0 0 0 1 1 0 2 1 0 2 1 0 1 1 0 1 1 0 3 0 0 0 0 1 0 0 0 0 0 0 3 0 1 0 0 0 3 0 0 0 0 1 0 0 0 1 1 0 3 0 0 0 0 0 2 1 0 3 0 0 0 0 1 0 0 0 0 0 0 2 1 0 3 0 1 0 1 0 0 0 0 1 0 0 1 0 0 2 1 0 1 0 0 2 0 1 0 1 0 1 1 0 2 0 0 1 1 0 0 1 0 2 0 1 0 0 0 0 0 1 0 0 1 0 1 0 0 1 0 2 0 1 0 1 0 2 1 0 0 0 0 1 0 0 1
0 178 1 1 0 2 1 0 0 0 0 2 0 0 0 1 0 2 1 0 1 1 0 2 0 0 3 0 0 3 0 0 3 0 1 0 0 1 0 0 0 2 0 0 2 0 0 0 0 0 0 0 0 2 0 1 0 1 0 2 1 0 0 1 0 2 0 0 3 0 0 2 0 1 0 1 0 3 0 0 0 0 0 2 0 1 0 1 0 1 0 0 2 0 1 0 1 0 2 1 0 0 1 0 1 0 0 3 0 1 0 0 0 1 0 0 2 0 0 2 1 0 0 1 0 2 1 0 0 0 1 0 1 0 0 0 0 0 1 0 2 0 0 2 1 0 1 0 0 2 1 0 1 0 0 0 0 0 0 0 0 2 1 0 1 0 1 0 1 0 1 1 0 0 0 0 2 0 0 2
1 179 1 0 0 0 1 1 0 0 0 1 0 1 0 0 1 0 2 0 0 0 0 0 1 0 0 2 0 0 2 0 0 2 0 0 3 0 1 0 0 1 0 1 0 3 0 0 0 0 0 0 1 0 0 0 1 0 1 0 1 1 0 1 1 0 1 0 0 2 0 0 0 0 1 0 1 0 2 0 1 0 1 0 0 0 1 0 0 1 0 0 0 0 0 1 0 1 0 1 1 0 1 0 1 0 0 0 2 0 0 2 1 0 2 1 0 0 0 0 0 1 0 1 1 0 1 1 0 1 0 0 0 0 0 1 0 0 1 1 0 1 0 0 0 1 0 2 1 0 0 1 0 2 0 0 0 0 0 0 1 0 0 1 0 3 0 0 0 0 1 0 1 0 0 1 0 0 0 0 0
1 180 1 0 2 1 0 3 0 0 2 0 0 0 0 0 2 1 0 0 0 1 0 0 0 2 1 0 0 0 0 0 0 0 0 0 0 2 0 1 0 0 0 0 1 0 2 0 1 0 0 0 1 0 0 2 0 0 0 0 1 0 1 0 3 0 0 3 0 1 0 1 0 0 0 0 0 1 0 1 0 1 0 0 0 1 1 0 3 0 1 0 0 0 1 0 0 0 0 1 0 1 0 2 1 0 3 0 0 1 0 0 1 0 0 1 1 0 0 0 0 1 0 1 0 1 0 3 0 0 3 0 0 0 0 0 2 0 0 3 0 0 3 0 0 1 1 0 1 1 0 1 1 0 0 0 1 0 0 0 1 0 0 2 1 0 2 1 0 0 0 0 0 0 0 2 0 0 1 0 0 0
1 181 1 1 0 2 0 0 2 1 0 3 0 0 0 1 0 0 1 0 0 1 0 3 0 0 1 1 0 0 0 0 0 0 0 0 1 0 0 0 0 2 1 0 1 1 0 1 0 0 2 1 0 2 0 1 0 1 0 0 0 0 0 1 0 3 0 0 2 0 1 0 0 0 1 0 0 1 0 1 0 0 0 3 0 0 0 0 0 3 0 0 2 1 0 2 0 0 1 0 0 0 1 0 2 0 0 2 1 0 1 0 0 2 0 0 3 0 0 1 0 0 3 0 0 0 1 0 3 0 0 1 0 1 0 1 0 0 0 0 2 0 0 1 1 0 2 0 1 0 1 0 3 0 0 1 1 0 2 1 0 2 1 0 1 0 0 1 1 0 0 0 0 0 0 1 0 1 0 1 0 0 0
1 182 1 0 0 0 1 0 0 1 0 0 2 1 0 0 0 0 2 0 0 2 1 0 2 1 0 2 0 0 1 0 0 0 0 0 1 0 0 1 1 0 0 1 0 3 0 1 0 0 0 1 0 0 1 0 1 0 0 0 1 0 0 1 1 0 3 0 0 0 0 0 2 1 0 2 0 0 2 1 0 3 0 0 2 0 1 0 1 0 2 0 0 1 0 0 0 1 0 1 0 0 1 1 0 1 0 0 0 1 0 2 1 0 0 0 0 1 1 0 1 1 0 1 1 0 0 1 0 2 1 0 2 0 0 0 0 0 1 0 1 0 1 0 2 1 0 1 0 1 0 1 0 2 1 0 2 1 0 2 0 0 1 1 0 2 0 0 3 0 0 1 0 0 1 0 0 0 0 0 3 0 0 0
1 183 1 0 2 1 0 2 0 0 2 1 0 0 1 0 0 1 0 0 0 0 1 0 0 2 0 0 0 1 0 1 0 0 0 0 0 2 0 0 3 0 0 2 1 0 3 0 0 2 1 0 2 0 0 2 1 0 2 1 0 2 0 1 0 0 0 2 0 1 0 1 0 1 0 0 1 0 0 1 0 0 3 0 0 0 0 1 0 1 0 0 1 0 1 0 0 1 0 0 3 0 0 3 0 0 3 0 0 1 1 0 1 1 0 0 0 0 3 0 1 0 1 0 3 0 0 2 1 0 2 0 0 0 0 1 0 0 0 3 0 0 0 1 0 1 1 0 3 0 0 0 1 0 2 0 0 2 0 0 0 1 0 2 1 0 1 0 0 1 1 0 1 0 0 2 0 0 0 1 0 1 0 1 0
1 184 1 1 0 2 0 0 1 0 0 0 1 0 1 0 0 2 0 0 1 0 0 2 0 1 0 1 0 0 0 0 3 0 0 0 1 0 0 0 0 2 0 0 1 0 0 3 0 0 1 0 0 1 0 0 1 0 0 2 0 0 1 0 0 3 0 0 1 0 1 0 0 0 3 0 0 2 0 0 2 1 0 1 1 0 0 0 0 0 0 0 2 0 0 3 0 0 2 1 0 2 0 0 2 0 0 1 1 0 2 0 1 0 1 0 0 1 0 2 0 1 0 1 0 3 0 0 1 0 0 0 0 1 0 1 0 3 0 0 2 1 0 0 1 0 0 0 0 2 1 0 0 1 0 0 1 0 3 0 0 1 1 0 1 1 0 2 0 0 3 0 0 3 0 1 0 1 0 0 0 1 0 0 0 2
0 185 1 0 0 0 0 1 0 1 0 0 1 0 0 3 0 1 0 1 0 1 1 0 0 0 1 0 0 0 1 1 0 1 1 0 0 0 0 1 0 1 0 1 0 1 1 0 1 1 0 1 0 0 2 0 0 2 0 1 0 1 0 1 1 0 1 1 0 1 1 0 3 0 0 3 0 0 0 0 0 0 1 0 3 0 0 1 0 0 0 1 0 0 0 0 2 0 0 1 0 0 0 1 0 3 0 1 0 0 0 1 0 1 0 0 0 2 1 0 1 0 1 0 1 0 2 1 0 1 0 0 1 0 0 0 1 0 3 0 0 0 1 0 1 0 0 1 1 0 0 1 0 1 0 0 2 1 0 2 1 0 2 1 0 0 0 0 1 0 0 2 0 0 2 0 1 0 0 0 1 1 0 3 0 0 1
0 186 1 0 2 1 0 1 0 0 3 0 0 2 1 0 2 0 1 0 0 1 0 1 0 0 1 0 2 1 0 3 0 1 0 1 0 0 0 0 3 0 0 0 0 1 0 1 0 3 0 1 0 0 0 0 0 0 0 0 1 0 1 0 0 0 0 0 0 0 0 0 0 3 0 0 1 0 1 0 0 0 1 1 0 2 1 0 1 0 0 1 0 0 1 0 1 0 1 0 1 0 0 1 1 0 3 0 0 2 1 0 2 1 0 3 0 0 1 1 0 3 0 0 0 1 0 1 1 0 2 0 0 2 0 0 1 1 0 2 1 0 0 0 0 3 0 0 3 0 0 2 0 1 0 0 0 1 0 0 2 0 0 1 1 0 0 0 0 2 1 0 0 0 0 0 0 0 3 0 0 0 0 0 2 1 0 1
1 187 1 1 0 1 1 0 2 1 0 2 0 0 1 0 0 1 0 1 0 0 0 0 0 0 2 1 0 2 0 0 3 0 1 0 0 0 1 1 0 1 1 0 0 0 0 0 1 0 3 0 0 2 1 0 0 0 0 1 0 0 0 0 0 1 0 0 0 0 0 0 1 0 1 1 0 1 1 0 3 0 0 0 0 0 1 1 0 2 0 0 2 0 0 3 0 0 0 0 0 3 0 1 0 0 0 3 0 0 1 0 0 2 0 0 2 1 0 2 1 0 2 1 0 0 1 0 0 0 0 0 1 0 3 0 1 0 0 0 1 1 0 0 1 0 2 0 0 2 0 0 0 0 0 2 1 0 2 0 1 0 1 0 2 0 0 1 1 0 0 1 0 0 0 0 0 1 0 1 0 1 0 1 0 0 1 0 2
0 188 1 0 0 0 0 0 0 2 0 0 0 1 0 1 0 0 2 1 0 2 1 0 0 1 0 1 0 0 1 0 0 2 0 0 2 1 0 3 0 1 0 1 0 0 0 0 1 1 0 3 0 0 0 1 0 0 0 0 2 0 0 0 0 0 2 0 0 0 0 0 1 1 0 0 0 0 0 0 0 2 0 1 0 0 1 0 0 0 1 0 0 0 0 0 1 0 1 0 1 0 2 0 0 3 0 0 2 1 0 1 1 0 0 0 0 1 0 0 2 0 0 1 1 0 1 0 0 1 0 0 1 1 0 3 0 0 2 1 0 3 0 0 2 1 0 0 1 0 3 0 0 0 1 0 1 0 0 1 0 1 0 1 0 0 1 0 2 0 0 2 0 0 1 0 0 1 0 1 0 0 1 0 0 0 2 1 0 1
1 189 1 0 2 1 0 0 0 1 0 1 0 0 0 1 0 0 0 1 0 0 1 1 0 1 0 0 3 0 0 2 1 0 0 0 0 1 0 0 3 0 1 0 0 0 1 0 1 0 0 0 2 1 0 0 0 0 1 0 1 0 0 1 0 0 1 0 0 1 0 0 0 3 0 0 1 0 0 0 1 0 0 0 0 3 0 1 0 0 0 2 0 0 0 0 0 3 0 0 0 1 0 1 0 0 2 0 0 0 1 0 3 0 0 1 0 0 2 0 1 0 1 0 2 0 0 3 0 0 2 0 1 0 0 0 3 0 0 1 0 0 3 0 0 0 1 0 1 1 0 2 1 0 0 0 0 3 0 0 3 0 0 0 0 0 2 1 0 0 1 0 3 0 0 2 0 0 2 1 0 3 0 1 0 1 0 0 1 0 2
0 190 1 1 0 1 1 0 1 0 0 0 0 0 1 1 0 2 1 0 2 0 0 3 0 1 0 0 0 2 0 0 0 1 0 0 0 0 2 1 0 2 0 0 2 1 0 2 1 0 3 0 0 1 1 0 0 0 0 2 1 0 3 0 1 0 1 0 3 0 1 0 1 0 1 1 0 1 0 0 1 0 0 1 1 0 2 0 0 3 0 0 0 0 1 0 1 0 1 1 0 0 0 0 3 0 1 0 1 0 0 1 0 2 1 0 1 1 0 0 0 1 0 1 0 1 0 0 2 0 0 0 0 0 3 0 0 2 1 0 1 1 0 1 1 0 0 1 0 0 0 0 1 1 0 0 1 0 2 0 0 1 0 1 0 1 0 0 1 0 1 1 0 3 0 0 0 0 0 1 0 0 3 0 1 0 0 0 2 1 0 1
1 190 3 0 1 0 1 0 2 0 0 0 0 1 0 0 0 2 0 0 1 0 0 2 0 0 3 0 0 0 1 0 0 0 0 1 1 0 1 0 0 1 0 0 1 0 0 2 0 0 2 1 0 2 0 0 1 1 0 1 0 0 3 0 1 0 1 0 3 0 1 0 0 1 0 1 0 2 0 0 2 0 1 0 0 0 1 0 0 1 1 0 0 0 0 0 0 1 0 1 0 0 1 0 2 0 1 0 0 0 2 1 0 1 1 0 3 0 0 2 0 0 0 0 0 3 0 1 0 0 1 0 1 0 2 0 0 0 1 0 3 0 1 0 1 0 1 0 0 1 0 0 3 0 0 2 1 0 0 1 0 2 0 0 0 0 0 2 1 0 0 0 0 2 0 1 0 0 0 2 1 0 2 0 0 3 0 0 1 1 0 2
0 192 1 0 2 0 1 0 1 0 0 0 1 0 1 0 3 0 0 0 1 0 1 1 0 0 0 0 1 1 0 0 0 0 1 0 0 3 0 0 3 0 0 2 0 0 2 1 0 0 0 0 1 0 0 0 1 0 2 0 1 0 0 0 2 0 1 0 1 0 3 0 1 0 0 0 0 1 0 1 0 0 0 0 0 2 1 0 2 0 0 3 0 0 1 0 0 1 0 0 0 0 0 2 1 0 1 0 0 3 0 0 2 0 0 0 0 0 2 1 0 3 0 0 0 1 0 2 0 1 0 0 0 0 1 0 0 1 0 0 1 0 3 0 1 0 0 0 3 0 0 2 1 0 2 0 0 0 1 0 1 1 0 0 0 1 0 1 0 0 1 0 0 1 0 0 0 0 3 0 0 2 0 0 1 0 0 1 1 0 2 1 0 1
1 193 1 1 0 1 0 1 0 0 0 2 0 0 0 1 0 2 1 0 0 0 1 0 1 0 0 0 0 3 0 0 1 0 0 2 1 0 2 0 0 2 0 0 0 0 0 0 1 0 0 0 0 2 0 0 1 1 0 1 0 0 3 0 0 1 0 1 0 1 0 3 0 0 2 1 0 1 0 0 3 0 0 0 1 0 1 0 0 1 0 0 1 1 0 1 0 0 2 0 0 0 1 0 0 1 0 2 1 0 1 1 0 3 0 0 0 1 0 1 0 0 2 1 0 0 1 0 1 0 0 2 1 0 1 0 0 2 0 0 2 1 0 3 0 0 3 0 0 3 0 0 1 0 0 0 1 0 0 0 1 0 1 0 1 0 0 0 0 0 2 0 0 2 0 0 1 1 0 1 1 0 3 0 0 2 0 1 0 0 0 1 1 0 2
0 193 3 0 1 0 0 0 3 0 0 0 1 0 0 1 0 1 1 0 1 0 0 0 0 0 1 1 0 1 1 0 1 1 0 1 0 0 0 1 0 3 0 0 0 0 0 1 0 0 1 0 1 0 1 0 2 0 1 0 0 0 1 1 0 2 0 0 0 1 0 3 0 0 0 1 0 2 1 0 1 1 0 0 0 0 3 0 0 2 0 0 3 0 0 3 0 1 0 1 0 0 0 0 2 1 0 2 0 0 0 0 0 2 1 0 0 0 1 0 0 0 0 1 0 1 0 1 0 0 0 0 1 0 2 1 0 0 0 0 1 0 0 3 0 0 2 0 0 1 1 0 1 0 0 1 0 0 2 0 0 0 0 0 3 0 0 0 0 1 0 1 0 3 0 1 0 0 0 0 0 0 3 0 0 0 0 0 3 0 0 0 0 0 1
1 195 1 0 2 0 0 3 0 0 2 1 0 0 0 0 2 0 1 0 1 0 2 0 0 0 0 0 3 0 1 0 1 0 3 0 0 3 0 0 1 1 0 2 0 1 0 0 0 2 0 0 3 0 0 0 1 0 1 0 0 3 0 0 0 0 0 0 1 0 0 1 0 2 1 0 0 1 0 1 1 0 3 0 0 1 1 0 2 0 0 0 0 0 2 0 0 2 0 1 0 0 0 1 1 0 1 0 0 0 0 1 0 1 0 0 1 0 0 1 0 2 1 0 1 0 1 0 0 0 2 1 0 1 1 0 1 1 0 0 0 0 2 1 0 1 1 0 3 0 0 3 0 0 3 0 0 2 0 1 0 0 1 0 1 0 1 1 0 0 0 0 0 1 0 3 0 0 2 1 0 0 1 0 1 0 1 0 1 0 1 0 1 0 0 0 2
0 196 1 1 0 1 0 0 2 0 0 0 1 0 0 1 0 0 0 1 0 1 0 0 0 1 0 1 0 2 0 1 0 1 0 3 0 0 1 1 0 2 1 0 1 0 0 3 0 0 1 0 0 1 1 0 0 0 1 0 0 0 1 0 1 0 0 0 1 0 0 2 1 0 1 1 0 1 1 0 0 0 0 2 1 0 2 1 0 0 0 1 0 1 0 0 0 0 0 0 0 2 1 0 3 0 0 3 0 0 1 0 0 0 0 0 2 0 0 2 1 0 1 1 0 2 1 0 3 0 0 1 1 0 3 0 1 0 1 0 0 1 0 1 0 0 0 0 0 3 0 0 2 0 0 2 0 0 0 0 1 0 0 0 0 0 1 0 1 0 0 0 0 1 1 0 3 0 0 0 1 0 1 0 1 0 0 1 0 0 1 0 0 0 3 0 0 1
0 196 3 0 0 3 0 1 0 1 0 0 0 0 2 0 0 2 0 0 0 0 0 2 0 0 0 1 0 1 0 1 0 1 0 2 1 0 2 1 0 1 1 0 2 1 0 1 1 0 1 0 0 3 0 0 1 1 0 2 1 0 2 1 0 2 1 0 2 1 0 0 1 0 3 0 1 0 1 0 0 1 0 1 0 0 1 1 0 1 0 0 0 0 0 1 0 0 0 1 0 1 0 0 3 0 0 1 1 0 1 0 0 0 1 0 0 0 0 1 0 0 0 0 0 2 0 0 2 1 0 2 1 0 3 0 1 0 0 0 2 0 0 3 0 0 0 1 0 1 1 0 3 0 1 0 0 1 0 1 0 2 1 0 1 0 0 0 0 0 1 0 1 0 0 0 2 1 0 0 0 1 0 0 0 3 0 1 0 1 0 3 0 0 2 1 0 1
1 198 1 0 2 0 0 2 0 1 0 0 0 1 0 1 0 1 0 3 0 0 0 0 1 0 1 0 0 0 1 0 0 1 0 1 0 2 0 0 2 0 0 0 0 0 1 1 0 3 0 1 0 0 0 1 1 0 2 1 0 2 0 0 2 0 0 2 0 0 1 1 0 1 1 0 3 0 1 0 0 0 2 0 0 3 0 0 3 0 0 3 0 0 0 0 0 2 0 0 1 0 1 0 0 0 1 1 0 2 0 0 3 0 0 1 0 0 1 0 0 2 0 0 0 1 0 0 0 0 1 0 0 2 0 0 3 0 0 3 0 0 1 0 0 1 1 0 0 1 0 0 0 0 3 0 1 0 0 0 0 1 0 1 1 0 2 0 0 0 0 0 2 1 0 3 0 0 1 1 0 0 1 0 3 0 0 3 0 1 0 1 0 3 0 0 0 1 0 2
0 199 1 1 0 1 0 0 0 0 0 2 1 0 3 0 0 0 1 0 2 1 0 0 0 0 0 0 0 2 0 0 0 0 0 0 1 0 0 1 0 3 0 0 0 0 1 0 0 0 3 0 0 3 0 0 0 0 0 2 0 0 0 1 0 3 0 1 0 1 0 2 1 0 0 0 0 3 0 0 3 0 0 1 0 0 2 0 0 2 0 0 1 0 1 0 0 1 0 1 0 1 1 0 3 0 0 0 0 0 1 0 0 1 1 0 1 0 0 2 0 1 0 1 0 0 0 0 1 0 0 2 1 0 0 0 0 2 0 0 1 1 0 1 0 0 3 0 0 2 0 0 1 1 0 2 0 0 2 1 0 1 1 0 0 0 0 0 0 1 0 1 0 1 0 0 2 1 0 2 0 0 2 1 0 3 0 0 2 0 1 0 1 0 2 1 0 0 1 0 1
1 199 3 0 0 3 0 0 0 1 0 1 0 0 2 1 0 0 1 0 1 1 0 0 0 0 0 0 1 0 0 1 0 0 0 1 0 0 2 1 0 2 0 1 0 1 0 3 0 0 3 0 0 1 0 1 0 0 1 0 1 0 0 1 0 3 0 1 0 1 0 1 1 0 0 1 0 2 0 0 1 1 0 1 0 1 0 1 0 3 0 0 3 0 0 0 0 0 0 1 0 0 0 0 2 0 1 0 0 0 2 0 0 3 0 1 0 0 0 0 0 1 0 0 0 1 0 0 2 1 0 0 1 0 0 0 1 0 1 0 2 0 1 0 0 0 1 1 0 3 0 1 0 0 0 1 0 0 0 1 0 3 0 0 1 0 0 1 0 0 0 0 1 0 0 0 1 0 0 1 0 0 1 0 0 3 0 0 0 0 1 0 1 0 1 1 0 1 0 1 0
1 201 1 0 2 0 0 1 1 0 0 0 1 0 0 0 0 1 0 1 0 1 0 1 0 0 0 0 0 1 0 3 0 1 0 0 0 2 1 0 1 0 0 1 0 1 0 1 0 3 0 0 1 1 0 2 0 0 0 0 0 0 0 0 2 1 0 3 0 1 0 0 1 0 1 0 1 1 0 0 1 0 2 0 1 0 0 1 0 1 0 3 0 0 1 0 1 0 0 0 1 0 0 1 1 0 0 0 0 3 0 0 1 0 0 2 0 0 2 1 0 0 1 0 2 1 0 2 1 0 0 1 0 1 0 0 2 0 0 0 1 0 1 0 0 3 0 0 0 0 0 3 0 0 2 1 0 2 0 0 1 1 0 2 1 0 1 0 0 2 0 0 0 1 0 2 1 0 2 0 0 2 0 0 2 1 0 1 1 0 0 0 0 0 0 1 0 1 0 2 1 0 2
0 202 1 1 0 0 1 0 2 0 0 1 1 0 2 1 0 1 0 1 0 0 1 0 0 0 1 0 0 1 1 0 3 0 0 3 0 0 1 1 0 2 0 0 3 0 0 0 1 0 2 1 0 2 1 0 0 0 1 0 0 0 0 1 0 1 0 0 3 0 1 0 0 0 0 0 1 0 1 0 1 1 0 1 0 1 0 0 0 0 1 0 2 1 0 1 1 0 2 1 0 2 0 0 3 0 0 1 1 0 1 1 0 1 1 0 0 0 0 0 1 0 1 1 0 2 0 0 1 1 0 1 0 0 3 0 1 0 1 0 0 0 1 0 0 0 1 0 1 0 1 0 2 0 0 1 0 0 0 1 0 2 1 0 1 1 0 2 0 1 0 1 0 0 1 0 2 0 0 1 0 0 0 0 0 0 1 0 3 0 0 1 0 0 1 0 0 0 1 0 2 0 0 1
0 202 3 0 0 2 1 0 0 1 0 2 1 0 1 1 0 2 1 0 3 0 1 0 0 0 2 0 1 0 0 0 3 0 0 1 1 0 2 1 0 1 0 0 1 1 0 0 1 0 2 0 0 1 1 0 0 1 0 2 1 0 1 0 1 0 0 0 2 0 0 2 1 0 1 0 0 0 0 1 0 1 0 2 1 0 2 1 0 1 1 0 2 0 0 0 0 0 2 0 0 1 0 0 1 1 0 2 0 1 0 1 0 3 0 0 1 0 0 1 1 0 0 0 0 0 1 0 2 0 1 0 0 0 2 0 1 0 0 0 1 1 0 2 1 0 3 0 0 0 1 0 0 1 0 1 0 0 1 1 0 2 0 0 0 0 0 1 0 1 0 0 0 2 1 0 0 1 0 1 0 0 0 0 0 1 1 0 2 1 0 1 0 0 2 0 0 1 1 0 0 1 0 1
1 204 1 0 2 0 0 0 1 0 1 1 0 2 0 0 0 0 0 2 0 0 3 0 0 3 0 0 1 0 0 3 0 0 2 1 0 2 1 0 1 1 0 2 0 0 3 0 0 2 1 0 0 1 0 2 0 0 2 1 0 1 1 0 2 1 0 3 0 0 1 0 0 0 1 0 2 0 0 1 0 0 0 1 0 2 0 0 2 0 0 0 0 0 0 0 1 0 0 1 0 1 0 1 0 1 0 0 0 1 0 1 0 1 0 2 1 0 1 0 0 3 0 0 1 0 0 1 1 0 1 0 0 3 0 0 1 0 0 3 0 0 0 0 0 2 0 0 2 1 0 0 0 0 2 0 0 3 0 1 0 0 0 0 0 1 0 0 0 2 1 0 3 0 0 1 1 0 1 0 0 3 0 0 0 0 1 0 0 0 1 1 0 2 0 1 0 1 0 2 0 0 2 0 1 0
1 205 1 1 0 0 1 0 0 1 0 0 0 0 0 0 1 0 1 0 0 0 0 2 0 0 1 1 0 1 1 0 2 0 0 1 0 0 2 0 0 0 0 0 1 0 0 2 0 0 0 1 0 1 1 0 1 0 0 1 0 0 0 0 0 2 0 0 2 1 0 1 0 0 1 1 0 0 1 0 1 0 0 1 1 0 0 1 0 3 0 0 0 0 0 1 0 0 0 0 0 0 0 1 0 0 0 2 1 0 3 0 0 0 1 0 1 1 0 2 1 0 1 1 0 1 0 0 3 0 1 0 0 0 1 1 0 1 1 0 1 0 1 0 1 0 0 0 0 0 1 0 0 1 0 0 0 0 2 0 0 2 1 0 0 1 0 3 0 0 2 0 0 2 1 0 2 0 1 0 0 0 1 0 1 0 1 0 3 0 0 0 0 0 1 0 1 0 1 0 1 0 0 0 0 0 2
0 205 3 0 0 2 0 0 2 0 0 1 0 0 1 0 0 0 0 0 1 0 1 0 1 0 2 1 0 0 0 0 0 1 0 1 0 1 0 0 1 0 0 0 2 0 1 0 1 0 0 0 1 0 1 0 2 0 0 2 0 0 0 1 0 0 0 0 0 1 0 2 0 0 3 0 0 2 0 0 3 0 0 3 0 0 2 1 0 2 0 1 0 0 0 2 0 0 0 0 0 0 1 0 3 0 0 2 0 0 2 1 0 0 1 0 0 0 0 1 1 0 3 0 1 0 0 0 2 0 0 2 1 0 3 0 1 0 1 0 3 0 0 0 0 0 1 0 0 1 0 0 2 0 0 1 1 0 0 0 0 0 1 0 1 1 0 3 0 0 0 0 0 1 0 0 1 0 0 2 1 0 3 0 0 0 1 0 2 0 1 0 0 0 3 0 0 0 0 0 3 0 0 0 1 0 0
0 207 1 0 1 1 0 3 0 1 0 1 0 1 0 0 2 0 0 0 0 0 3 0 0 0 1 0 1 1 0 0 0 0 1 0 1 0 0 0 3 0 1 0 1 0 0 0 1 0 0 0 2 0 0 0 1 0 0 1 0 3 0 0 1 0 0 1 0 0 1 1 0 1 0 0 2 0 0 0 0 0 2 0 0 2 0 0 1 0 0 1 0 0 3 0 0 0 0 1 0 0 0 1 1 0 3 0 0 0 0 0 0 1 0 1 0 0 1 0 1 0 0 0 3 0 0 3 0 0 1 0 0 1 0 0 3 0 1 0 1 0 2 0 1 0 0 0 2 0 0 2 0 1 0 1 0 2 0 0 1 0 0 1 1 0 0 0 0 2 0 1 0 0 0 2 0 0 2 1 0 1 0 0 2 1 0 0 1 0 1 0 0 3 0 0 2 0 1 0 1 0 1 1 0 0 0 0 1
1 208 1 1 0 0 0 0 3 0 1 0 0 0 3 0 1 0 0 1 0 1 0 1 1 0 0 0 1 0 1 0 0 0 0 2 1 0 3 0 0 3 0 1 0 0 0 1 1 0 3 0 0 0 1 0 0 0 0 2 1 0 2 1 0 1 0 0 2 0 0 3 0 0 3 0 1 0 0 1 0 0 1 0 1 0 3 0 0 2 0 0 2 1 0 1 0 1 0 1 0 3 0 0 0 0 0 2 0 1 0 0 0 1 0 0 3 0 0 2 1 0 3 0 0 3 0 0 1 1 0 1 0 0 2 1 0 2 0 1 0 1 0 1 0 0 3 0 0 1 0 0 0 0 1 0 1 0 0 1 0 1 0 0 3 0 0 1 1 0 0 0 0 3 0 0 1 0 0 0 1 0 2 1 0 0 1 0 1 0 1 0 0 0 2 0 0 0 0 1 0 0 1 0 1 0 0 0 0 2
0 208 3 0 0 1 1 0 2 0 0 3 0 0 3 0 1 0 0 0 0 0 1 0 1 0 1 0 0 0 0 0 1 1 0 1 0 0 3 0 0 2 0 0 3 0 0 0 0 0 2 1 0 0 0 0 1 1 0 1 0 0 1 1 0 2 1 0 0 0 0 2 0 0 2 0 1 0 0 0 0 0 0 0 1 0 3 0 0 0 0 0 0 1 0 3 0 0 0 1 0 2 0 1 0 1 0 0 0 0 2 1 0 2 1 0 2 0 0 1 0 0 3 0 0 1 1 0 2 0 1 0 0 0 1 0 0 1 0 1 0 0 1 0 0 0 1 1 0 1 0 0 1 0 0 0 0 0 2 0 1 0 0 0 1 1 0 2 0 0 1 1 0 1 1 0 1 0 0 1 1 0 1 1 0 1 0 1 0 0 0 3 0 0 0 1 0 0 0 0 0 0 0 0 0 0 1 1 0 0
0 210 1 0 1 1 0 2 1 0 1 0 0 2 0 0 2 0 0 2 1 0 1 0 0 0 0 0 3 0 0 0 0 0 3 0 1 0 0 0 2 0 0 0 0 0 1 0 1 0 1 0 0 1 0 0 0 0 3 0 0 3 0 1 0 0 0 1 1 0 0 1 0 0 0 0 0 0 0 2 1 0 0 0 0 1 1 0 2 0 1 0 0 0 1 1 0 2 1 0 0 1 0 1 0 1 0 0 0 1 1 0 1 0 0 2 0 0 0 1 0 1 1 0 1 1 0 2 1 0 1 0 0 2 1 0 2 0 0 2 1 0 3 0 1 0 0 0 3 0 0 3 0 0 2 0 0 0 1 0 0 0 0 3 0 0 0 0 0 0 1 0 2 0 1 0 1 0 2 0 0 3 0 1 0 1 0 2 1 0 3 0 0 2 1 0 0 0 0 1 0 0 0 0 0 0 0 0 3 0 0 1
0 211 1 1 0 0 0 0 1 1 0 2 1 0 0 0 0 0 0 0 0 1 0 2 0 0 0 1 0 1 0 1 0 1 0 2 0 0 3 0 0 0 0 1 0 0 0 3 0 0 0 0 0 2 0 0 1 1 0 2 0 0 2 0 0 2 1 0 3 0 0 2 0 0 1 0 0 0 1 0 0 1 0 0 0 1 0 0 0 1 0 0 3 0 0 0 0 0 1 1 0 1 0 1 0 0 0 2 1 0 3 0 0 3 0 1 0 1 0 0 1 0 0 0 0 0 0 0 1 1 0 2 1 0 1 0 0 1 0 0 1 0 0 3 0 0 3 0 0 3 0 0 1 1 0 3 0 0 1 0 0 1 1 0 1 0 1 0 0 0 1 1 0 1 0 1 0 1 0 1 0 0 2 0 1 0 1 0 2 0 0 3 0 0 0 1 0 0 0 0 2 0 0 0 0 0 0 1 0 1 1 0 1
1 211 3 0 0 1 0 1 0 0 0 1 1 0 0 0 0 0 0 0 1 1 0 0 1 0 0 0 1 0 0 1 0 1 0 1 0 0 1 0 1 0 1 0 3 0 0 2 0 1 0 0 1 0 1 0 2 1 0 1 0 0 0 0 0 1 0 0 2 1 0 3 0 0 2 0 0 1 0 0 2 0 0 1 1 0 2 1 0 2 1 0 1 0 1 0 0 0 3 0 1 0 0 0 3 0 0 2 0 0 3 0 0 2 0 1 0 0 0 2 0 0 1 0 0 0 0 1 0 0 0 1 1 0 2 0 0 2 0 0 2 1 0 2 0 0 2 0 0 1 1 0 2 1 0 2 1 0 1 0 0 3 0 1 0 0 0 2 1 0 3 0 1 0 0 1 0 0 1 0 0 0 0 0 1 0 1 0 1 0 0 1 1 0 0 0 0 1 0 1 0 0 1 0 0 0 1 0 1 0 1 0 2
0 213 1 0 1 1 0 1 1 0 2 1 0 3 0 0 1 0 0 0 0 0 3 0 0 2 0 0 2 0 0 0 0 0 0 0 0 3 0 0 3 0 0 0 1 0 3 0 0 0 0 1 0 0 0 0 1 0 1 1 0 2 0 0 0 0 0 2 1 0 1 0 0 2 1 0 3 0 0 2 0 1 0 1 0 2 1 0 2 0 0 1 1 0 2 1 0 3 0 0 3 0 0 3 0 0 3 0 0 0 0 0 2 0 0 0 0 0 3 0 0 0 1 0 1 0 0 0 1 0 3 0 0 0 0 0 1 0 0 0 0 0 1 0 0 0 1 0 3 0 1 0 0 0 2 0 0 1 1 0 2 1 0 2 0 0 3 0 0 2 0 0 3 0 0 3 0 1 0 1 0 2 1 0 1 0 0 0 0 0 3 0 0 3 0 0 1 0 0 2 1 0 3 0 1 0 0 0 3 0 0 0 1 0 1
1 214 1 1 0 0 0 0 0 0 0 2 0 0 2 1 0 1 0 0 0 1 0 1 1 0 3 0 1 0 0 1 0 0 0 0 1 0 2 0 0 1 1 0 0 1 0 2 0 1 0 1 0 2 1 0 1 1 0 0 0 0 0 0 1 0 1 0 0 1 0 2 1 0 1 0 0 3 0 0 0 0 1 0 1 0 2 0 0 0 1 0 2 1 0 2 0 0 3 0 0 2 0 0 2 0 0 1 0 1 0 0 1 0 0 1 0 1 0 1 1 0 0 0 0 3 0 0 1 1 0 2 0 1 0 0 0 2 0 0 0 0 0 2 0 0 1 1 0 3 0 0 3 0 0 0 1 0 2 1 0 2 0 0 1 0 0 2 0 0 0 0 0 2 0 0 2 0 1 0 1 0 1 1 0 2 0 0 0 1 0 2 0 0 1 1 0 1 1 0 1 0 0 3 0 0 3 0 0 2 1 0 0 0 1 0
1 214 3 0 0 1 0 0 0 1 0 0 0 0 0 1 0 2 0 0 1 1 0 0 0 0 3 0 0 3 0 1 0 0 0 1 1 0 0 1 0 2 0 0 2 1 0 1 0 1 0 1 0 1 1 0 3 0 0 1 0 0 1 0 0 0 0 0 2 1 0 1 1 0 2 1 0 1 1 0 0 0 0 0 1 0 0 1 0 0 1 0 2 0 0 1 0 0 1 1 0 3 0 1 0 1 0 2 0 0 0 0 0 0 0 0 0 0 1 0 1 0 0 1 0 1 1 0 2 1 0 1 0 0 3 0 0 0 0 1 0 0 1 0 1 0 2 1 0 3 0 0 1 1 0 0 1 0 2 0 0 0 1 0 1 0 1 0 0 1 0 1 0 0 0 0 0 0 1 0 1 0 0 0 0 0 1 0 0 1 0 0 1 0 2 0 1 0 1 0 2 1 0 2 0 0 2 0 0 0 1 0 0 1 0 2
0 216 1 0 1 1 0 1 0 0 1 0 0 1 0 0 1 1 0 0 1 0 2 0 0 1 1 0 2 0 0 2 0 0 2 1 0 3 0 0 2 1 0 1 0 0 0 1 0 3 0 0 0 1 0 0 0 0 2 1 0 1 0 0 2 0 0 0 1 0 1 0 0 0 0 0 1 1 0 3 0 0 1 0 0 1 0 0 2 0 0 2 1 0 0 1 0 1 0 1 0 0 0 3 0 1 0 1 0 0 0 1 0 0 0 0 0 0 1 0 0 0 0 0 2 1 0 0 0 0 1 1 0 2 1 0 1 1 0 0 0 0 0 0 0 0 1 0 2 0 0 2 1 0 2 0 0 2 1 0 0 1 0 0 0 1 0 0 1 0 0 0 0 0 0 1 0 0 1 0 0 0 0 0 1 0 0 1 0 0 2 0 0 2 1 0 1 0 1 0 1 0 2 0 0 0 1 0 3 0 0 1 0 0 2 1 0 1
1 217 1 0 1 0 1 0 2 0 0 2 0 0 2 0 0 3 0 0 2 1 0 0 1 0 2 1 0 1 0 0 0 0 0 1 0 0 3 0 0 0 1 0 2 0 0 1 1 0 2 1 0 0 0 0 1 1 0 0 1 0 2 0 1 0 1 0 0 0 0 3 0 0 0 0 1 0 0 0 2 1 0 1 0 0 2 1 0 0 0 0 0 1 0 1 0 1 0 0 0 3 0 0 3 0 1 0 0 0 1 1 0 2 1 0 0 0 0 2 0 0 0 1 0 0 1 0 0 0 1 0 0 0 1 1 0 3 0 0 1 0 0 0 0 0 1 1 0 1 0 0 1 0 0 1 0 0 0 1 0 1 0 0 1 1 0 3 0 1 0 0 0 0 0 0 2 0 0 2 0 0 0 0 0 2 0 0 2 1 0 0 0 0 0 1 0 3 0 0 0 1 0 0 1 0 0 1 0 2 1 0 1 1 0 0 1 0 2
0 217 3 0 0 0 1 0 1 0 0 0 0 0 0 0 0 2 0 0 0 1 0 1 1 0 1 1 0 2 0 0 0 0 0 2 1 0 1 1 0 0 1 0 0 1 0 2 1 0 1 1 0 0 0 0 3 0 0 2 1 0 1 0 1 0 0 0 1 1 0 1 0 1 0 1 0 3 0 0 1 1 0 2 1 0 0 1 0 0 0 0 1 0 1 0 0 0 3 0 0 3 0 0 2 0 0 3 0 0 0 0 0 1 1 0 0 0 1 0 1 0 0 0 0 2 0 0 1 1 0 3 0 0 0 0 0 2 1 0 1 0 0 0 0 0 3 0 0 3 0 0 2 0 0 2 0 0 1 0 0 3 0 1 0 0 0 3 0 0 2 1 0 0 0 1 0 1 0 3 0 0 0 1 0 0 0 0 0 1 0 0 0 0 1 1 0 2 1 0 0 0 0 2 0 0 2 1 0 1 1 0 3 0 0 2 1 0 1
1 219 1 0 1 1 0 0 0 0 3 0 0 0 0 0 0 0 1 0 1 0 0 1 0 0 0 0 0 0 0 0 0 1 0 1 0 0 1 0 3 0 0 2 0 0 2 1 0 1 1 0 3 0 0 1 1 0 2 0 0 0 1 0 2 1 0 2 1 0 3 0 1 0 0 1 0 1 0 2 1 0 2 1 0 1 1 0 1 0 0 1 0 0 2 1 0 3 0 0 3 0 0 2 0 0 0 0 0 1 0 1 0 0 0 3 0 0 2 0 0 0 0 0 1 0 1 0 1 0 2 1 0 2 0 1 0 1 0 0 1 0 2 0 0 0 1 0 2 0 0 1 1 0 3 0 1 0 1 0 1 1 0 2 0 0 3 0 0 3 0 0 0 1 0 1 0 0 0 1 0 2 1 0 0 0 0 1 0 0 1 0 0 1 0 1 0 0 0 1 1 0 0 1 0 0 0 0 1 0 0 0 0 0 3 0 0 0 1 0 2
0 220 1 0 1 0 1 0 0 1 0 1 0 1 0 0 0 1 0 0 0 0 0 2 0 0 1 0 0 0 0 0 1 0 0 0 0 0 2 1 0 3 0 0 0 0 0 1 0 0 0 0 0 2 1 0 2 1 0 0 1 0 0 1 0 2 0 0 2 0 0 3 0 1 0 0 0 0 1 0 2 0 0 1 1 0 3 0 0 3 0 0 2 1 0 1 0 0 3 0 0 1 1 0 3 0 0 0 0 0 2 1 0 3 0 0 2 1 0 3 0 0 0 0 0 3 0 0 0 1 0 2 0 0 1 0 1 0 0 0 2 1 0 0 1 0 0 1 0 0 1 0 2 1 0 3 0 1 0 1 0 0 0 0 1 0 0 2 0 0 1 1 0 0 0 0 3 0 0 1 1 0 1 1 0 0 0 0 2 0 0 2 0 0 2 1 0 2 1 0 3 0 0 2 0 0 1 0 0 2 0 0 0 1 0 1 1 0 0 1 0 1
1 220 3 0 0 0 0 0 2 0 1 0 0 0 2 1 0 2 0 0 0 0 1 0 1 0 1 0 0 0 0 0 2 0 0 0 1 0 1 0 0 2 0 1 0 0 0 2 0 0 0 1 0 1 0 0 1 1 0 1 0 0 2 1 0 1 0 0 0 0 0 2 0 0 2 1 0 1 1 0 0 1 0 2 1 0 3 0 0 2 0 0 0 1 0 2 1 0 1 1 0 2 1 0 2 0 1 0 1 0 1 0 0 3 0 0 1 0 0 2 0 1 0 1 0 1 1 0 0 1 0 0 1 0 1 1 0 3 0 0 1 1 0 1 0 0 2 0 0 2 1 0 2 0 0 3 0 1 0 0 0 1 0 0 2 0 1 0 1 0 2 0 0 1 1 0 1 1 0 2 0 1 0 1 0 0 1 0 0 0 0 0 0 0 1 0 0 2 0 0 2 1 0 3 0 0 2 0 1 0 1 0 0 0 1 0 1 0 1 0 1 0
1 222 1 0 1 0 1 0 1 0 0 0 0 3 0 0 2 0 0 0 1 0 0 0 0 0 0 0 3 0 0 0 0 1 0 1 0 0 0 1 0 0 0 0 0 0 3 0 0 0 1 0 0 0 0 3 0 0 3 0 1 0 0 0 0 1 0 2 0 0 0 1 0 0 0 0 0 1 0 3 0 0 2 1 0 2 0 0 2 1 0 3 0 0 1 1 0 2 0 0 0 0 0 2 0 0 1 0 1 0 0 1 0 0 0 1 1 0 1 1 0 0 0 1 0 0 1 0 1 0 1 0 0 2 1 0 0 0 0 2 1 0 2 0 1 0 0 0 0 0 0 1 0 0 1 0 0 2 0 0 2 1 0 2 1 0 0 0 1 0 1 0 0 1 0 2 1 0 0 0 0 1 0 1 0 0 0 2 0 0 1 0 0 0 0 0 2 1 0 0 0 0 1 0 0 3 0 0 0 0 1 0 0 0 2 0 0 0 0 1 0 0 0 2
0 223 1 0 1 0 0 1 0 0 0 1 1 0 1 1 0 3 0 0 1 0 0 1 0 0 0 1 0 1 1 0 0 0 0 0 0 0 1 1 0 2 1 0 0 1 0 1 1 0 0 0 0 1 1 0 2 0 0 2 0 0 2 1 0 1 1 0 0 1 0 0 0 0 1 0 0 1 1 0 3 0 0 1 0 0 1 0 0 1 0 0 2 1 0 2 1 0 0 0 1 0 0 1 0 1 0 1 1 0 3 0 1 0 0 0 3 0 1 0 1 0 1 0 0 0 0 0 0 0 1 0 0 0 0 1 0 0 1 0 1 0 0 1 0 0 2 1 0 0 0 0 2 0 0 2 1 0 0 0 0 1 0 0 1 1 0 1 0 0 0 0 0 2 1 0 1 1 0 0 0 0 2 1 0 3 0 0 0 1 0 1 0 0 0 1 0 0 1 0 0 0 0 2 1 0 1 0 1 0 1 0 3 0 0 0 0 1 0 1 0 3 0 0 1
0 223 2 1 0 3 0 1 0 0 1 0 0 0 0 0 0 2 1 0 1 0 0 2 0 0 1 0 1 0 1 0 0 0 0 0 0 1 0 0 0 1 1 0 1 0 1 0 1 0 0 0 1 0 0 0 1 0 0 0 0 0 0 1 0 3 0 0 2 0 0 1 0 0 2 0 1 0 0 0 2 1 0 1 0 0 2 0 0 2 1 0 1 0 0 1 1 0 1 0 0 0 0 0 0 1 0 0 0 0 3 0 0 3 0 0 3 0 1 0 0 0 3 0 0 0 0 0 0 1 0 2 1 0 1 0 0 2 0 0 3 0 0 2 1 0 0 1 0 0 1 0 0 0 0 0 1 0 0 0 0 2 0 0 3 0 0 3 0 0 0 1 0 0 1 0 3 0 0 1 1 0 1 0 0 2 1 0 0 0 0 3 0 0 1 0 0 2 0 0 1 1 0 0 1 0 3 0 0 0 1 0 2 1 0 0 0 0 0 1 0 2 1 0 1
1 225 1 0 1 0 0 3 0 0 3 0 1 0 0 0 0 1 0 0 1 0 2 0 1 0 1 0 2 0 0 0 0 0 1 0 0 0 1 0 2 1 0 3 0 1 0 0 1 0 0 0 1 1 0 2 1 0 2 0 0 0 0 0 1 1 0 2 1 0 3 0 0 2 1 0 0 0 0 3 0 0 1 1 0 2 1 0 0 0 0 0 1 0 2 0 0 3 0 0 3 0 0 0 0 0 1 0 0 1 1 0 2 0 0 2 0 0 2 0 0 3 0 0 2 0 1 0 0 0 1 1 0 1 1 0 2 1 0 0 0 0 2 0 0 0 1 0 1 0 0 2 0 0 1 0 0 1 0 0 1 1 0 0 0 0 2 0 0 1 1 0 0 0 0 2 1 0 2 1 0 2 0 1 0 0 0 0 1 0 0 1 0 1 1 0 1 0 1 0 1 0 2 0 0 2 1 0 2 1 0 0 1 0 1 1 0 0 0 0 1 1 0 1 1 0 2
0 226 1 0 1 0 0 0 2 0 0 2 0 0 2 1 0 1 0 0 2 1 0 1 0 1 0 1 0 0 0 1 0 0 0 2 0 0 1 1 0 2 0 0 3 0 0 3 0 1 0 0 1 0 0 0 2 0 0 0 0 1 0 0 1 0 0 0 2 0 0 3 0 0 0 1 0 0 1 0 1 1 0 2 1 0 1 1 0 0 0 0 1 1 0 1 0 0 2 0 0 1 0 1 0 0 0 2 0 1 0 0 0 1 0 0 0 0 0 0 0 0 2 0 0 0 0 0 3 0 0 0 0 0 0 0 0 1 1 0 0 0 1 0 1 0 0 0 0 3 0 1 0 1 0 1 0 0 2 0 0 3 0 0 1 0 1 0 1 0 2 0 0 1 1 0 1 0 0 2 0 0 1 0 0 2 1 0 1 0 0 2 0 1 0 1 0 3 0 0 0 1 0 1 0 0 1 0 0 1 1 0 1 0 1 0 1 0 0 0 1 0 0 0 0 0 0 1
1 226 2 1 0 3 0 0 1 0 0 0 0 0 0 1 0 2 1 0 0 1 0 3 0 0 0 0 0 1 1 0 3 0 0 0 1 0 2 1 0 1 0 0 2 0 0 2 0 0 3 0 1 0 0 1 0 0 1 0 1 0 3 0 1 0 1 0 0 0 0 1 1 0 0 0 0 2 1 0 0 0 0 1 1 0 3 0 0 1 0 0 3 0 0 3 0 1 0 1 0 1 1 0 3 0 0 1 0 0 2 1 0 2 0 0 0 0 0 0 0 1 0 0 1 0 1 0 1 0 1 0 0 0 0 0 0 3 0 0 2 0 0 0 0 0 1 1 0 2 0 1 0 0 1 0 0 0 0 0 0 1 1 0 2 0 0 0 1 0 0 1 0 2 0 0 3 0 1 0 1 0 1 1 0 0 1 0 2 1 0 0 0 1 0 1 0 2 1 0 0 0 0 3 0 0 2 0 0 3 0 1 0 0 1 0 0 0 1 1 0 2 1 0 0 0 0 2
0 228 1 0 1 0 0 2 1 0 1 0 0 0 0 0 1 1 0 1 1 0 1 1 0 2 0 1 0 0 1 0 0 0 2 1 0 0 1 0 1 1 0 2 1 0 0 0 0 0 0 0 2 0 1 0 0 0 0 0 0 0 1 0 3 0 1 0 0 0 1 0 0 3 0 0 1 1 0 0 1 0 0 0 1 0 0 0 2 1 0 1 1 0 2 0 0 2 0 1 0 1 0 0 0 0 2 1 0 1 1 0 1 0 0 0 0 1 0 0 0 1 0 0 0 0 0 0 0 1 0 0 0 2 1 0 0 1 0 1 1 0 3 0 0 0 0 1 0 0 0 1 0 0 3 0 1 0 0 0 0 0 1 0 0 0 0 1 0 0 0 0 2 1 0 1 0 0 2 0 1 0 0 1 0 1 0 1 1 0 1 1 0 1 0 0 0 1 0 1 1 0 0 1 0 2 0 0 0 0 0 2 0 0 3 0 1 0 0 1 0 0 0 1 1 0 0 1 0 0
0 229 1 0 1 0 0 0 0 1 0 2 0 0 0 0 1 0 0 0 0 0 0 0 0 0 1 0 0 3 0 1 0 1 0 0 1 0 1 1 0 0 0 0 1 1 0 0 0 0 0 1 0 0 0 0 2 1 0 0 0 0 1 1 0 3 0 0 2 1 0 2 1 0 1 1 0 2 0 0 2 0 0 1 1 0 3 0 0 2 0 0 0 0 0 1 0 0 0 0 1 0 0 0 1 1 0 0 1 0 3 0 0 3 0 0 0 1 0 2 1 0 2 0 0 0 0 0 0 1 0 3 0 0 1 1 0 1 1 0 0 0 0 2 0 1 0 1 0 2 1 0 2 1 0 2 0 0 2 1 0 0 1 0 2 1 0 1 0 0 1 1 0 0 1 0 2 1 0 0 0 1 0 0 0 0 0 1 0 1 0 3 0 0 3 0 0 1 0 1 0 1 0 1 1 0 0 0 1 0 1 0 0 0 0 2 0 0 3 0 1 0 0 0 3 0 0 2 0 0 1
0 229 2 1 0 2 1 0 1 1 0 0 0 1 0 1 0 2 1 0 0 0 0 0 0 0 2 1 0 2 0 1 0 0 0 2 0 1 0 1 0 0 0 0 3 0 0 1 0 0 1 0 0 1 1 0 0 1 0 0 0 1 0 0 0 3 0 0 1 0 0 2 0 0 0 0 0 0 1 0 3 0 1 0 0 0 2 1 0 3 0 0 0 0 0 2 0 0 0 1 0 2 1 0 3 0 0 2 1 0 3 0 0 1 1 0 0 1 0 2 0 0 0 0 1 0 0 0 1 1 0 2 1 0 2 0 1 0 1 0 0 1 0 0 0 1 0 1 0 2 0 0 2 0 0 1 0 0 0 1 0 1 1 0 1 1 0 2 0 0 3 0 0 2 1 0 1 1 0 0 1 0 2 1 0 1 0 0 0 1 0 3 0 0 1 1 0 2 0 0 0 0 1 0 1 0 1 0 0 0 0 0 1 1 0 0 0 0 2 0 0 3 0 0 2 1 0 3 0 0 2
1 231 1 0 1 0 0 1 1 0 3 0 0 2 0 0 0 1 0 1 1 0 0 0 0 0 1 0 1 0 0 1 0 0 3 0 0 1 0 1 0 0 0 1 1 0 1 1 0 1 0 0 2 0 0 3 0 0 2 0 0 1 1 0 3 0 0 2 1 0 1 0 1 0 0 1 0 0 0 1 1 0 3 0 0 3 0 0 2 0 0 2 0 1 0 0 1 0 1 0 0 1 0 2 0 0 3 0 0 1 0 0 2 1 0 2 0 0 2 1 0 0 0 1 0 1 0 3 0 0 0 0 0 2 0 0 1 0 1 0 0 0 2 0 0 2 0 0 0 1 0 0 1 0 3 0 0 2 0 0 1 1 0 0 0 0 0 0 0 1 0 0 2 0 0 0 1 0 3 0 0 2 1 0 1 1 0 2 0 0 1 1 0 2 1 0 2 1 0 0 1 0 0 0 0 0 0 0 3 0 0 0 0 0 3 0 0 1 1 0 0 0 0 2 0 0 1 0 0 3 0 0 0
1 232 1 0 0 3 0 1 0 0 0 2 1 0 3 0 0 1 0 1 0 1 0 0 0 0 1 0 0 3 0 0 2 1 0 1 1 0 1 1 0 2 1 0 3 0 1 0 1 0 2 1 0 0 0 0 1 1 0 3 0 1 0 0 0 3 0 0 0 1 0 2 1 0 3 0 1 0 0 1 0 0 0 3 0 0 2 0 0 0 0 0 0 0 1 0 0 0 0 0 0 2 1 0 1 0 0 1 1 0 1 1 0 1 0 0 1 0 0 0 1 0 1 0 0 0 1 0 2 0 1 0 0 1 0 1 0 1 1 0 3 0 0 0 1 0 3 0 0 1 0 0 2 1 0 2 1 0 3 0 0 3 0 0 1 0 0 0 0 0 2 0 1 0 1 0 0 1 0 3 0 0 1 0 0 0 0 0 0 1 0 2 1 0 2 0 0 1 1 0 1 0 0 1 0 0 0 1 0 1 0 1 0 1 0 1 1 0 2 0 0 1 0 1 0 1 0 1 1 0 1 0 1 0
1 232 2 1 0 2 0 0 3 0 0 2 0 0 2 1 0 2 0 0 0 0 0 1 0 0 2 1 0 2 0 0 1 0 0 0 0 0 0 0 0 2 0 0 3 0 1 0 1 0 1 1 0 0 0 1 0 0 0 3 0 0 3 0 0 2 1 0 0 1 0 2 0 0 3 0 0 3 0 1 0 1 0 1 1 0 3 0 0 0 0 0 0 1 0 2 1 0 0 1 0 0 1 0 2 0 0 3 0 1 0 1 0 2 0 0 2 0 0 1 0 0 3 0 0 1 1 0 1 0 1 0 0 0 0 1 0 0 0 0 2 1 0 0 1 0 2 1 0 1 1 0 1 0 0 2 0 0 3 0 0 1 1 0 1 0 0 0 1 0 0 0 1 0 0 0 2 1 0 2 1 0 1 0 0 0 0 0 1 1 0 2 0 0 0 1 0 2 0 0 3 0 0 2 0 0 1 0 1 0 0 1 0 1 0 0 0 0 0 1 0 2 0 0 0 0 1 0 1 0 2 1 0 2
0 234 1 0 1 0 0 1 0 0 2 0 0 0 0 0 1 0 0 0 0 1 0 0 0 2 1 0 1 0 0 0 1 0 1 0 0 0 0 0 0 1 0 0 0 0 2 0 1 0 0 1 0 1 0 0 1 0 3 0 0 3 0 0 2 0 0 0 1 0 1 1 0 1 0 0 2 0 0 2 0 1 0 1 0 0 0 0 2 0 1 0 0 0 1 1 0 1 1 0 1 0 0 2 1 0 1 0 0 2 0 1 0 1 0 0 1 0 3 0 0 2 1 0 1 1 0 2 0 1 0 0 0 2 1 0 1 0 0 1 1 0 0 1 0 1 1 0 1 1 0 3 0 1 0 0 0 0 0 0 1 1 0 2 0 0 3 0 0 1 0 0 1 1 0 3 0 0 2 0 0 1 1 0 2 0 0 0 0 1 0 0 0 0 1 0 0 1 0 1 0 0 1 1 0 3 0 0 3 0 0 0 0 0 0 0 0 1 0 0 1 1 0 0 1 0 0 0 0 0 1 0 2 0 0 1
0 235 1 0 0 3 0 0 2 0 1 0 0 1 0 0 0 2 0 0 0 1 0 3 0 0 1 1 0 2 0 0 1 0 0 3 0 0 0 0 0 1 0 0 1 1 0 0 0 1 0 0 0 0 0 0 2 1 0 3 0 0 1 1 0 3 0 0 1 0 1 0 1 0 2 1 0 0 0 0 0 0 1 0 0 0 1 1 0 0 0 0 2 1 0 3 0 1 0 1 0 2 1 0 0 1 0 2 1 0 0 0 1 0 0 0 2 1 0 3 0 0 1 0 0 0 0 0 1 0 0 3 0 0 1 1 0 2 0 0 3 0 0 2 1 0 0 0 0 0 0 0 3 0 0 2 1 0 0 0 1 0 0 0 1 0 0 1 1 0 1 0 1 0 0 0 2 1 0 3 0 1 0 0 0 0 0 1 0 1 0 2 1 0 1 0 0 2 0 0 3 0 1 0 0 0 3 0 0 1 0 1 0 0 0 0 0 0 2 0 0 3 0 0 2 0 0 1 0 0 1 1 0 0 1 0 1
1 235 2 1 0 2 0 0 0 0 0 3 0 1 0 0 1 0 1 0 0 1 0 2 1 0 2 1 0 0 1 0 1 1 0 1 0 1 0 0 0 2 0 0 3 0 0 1 1 0 2 1 0 0 1 0 1 0 0 2 1 0 2 1 0 2 1 0 2 0 0 0 1 0 1 1 0 0 0 0 0 1 0 2 1 0 3 0 0 1 1 0 1 0 0 3 0 1 0 1 0 1 1 0 1 1 0 1 1 0 0 1 0 3 0 0 2 0 0 2 1 0 1 0 0 0 0 0 2 1 0 1 1 0 2 1 0 1 0 0 2 0 0 0 1 0 0 0 0 0 1 0 2 0 0 0 1 0 0 1 0 2 1 0 2 0 0 3 0 1 0 0 0 3 0 0 2 0 0 3 0 0 2 1 0 1 0 0 0 1 0 1 1 0 2 1 0 0 0 0 2 0 0 3 0 0 2 1 0 1 1 0 2 1 0 0 1 0 0 0 0 1 1 0 3 0 0 2 0 0 3 0 0 2 0 1 0
1 237 1 0 1 0 0 0 0 1 0 1 0 2 0 1 0 0 0 0 0 0 2 1 0 2 0 0 1 1 0 1 0 1 0 1 0 2 1 0 3 0 0 1 0 0 1 1 0 2 1 0 1 1 0 1 0 1 0 0 0 1 0 0 2 0 0 2 0 0 0 1 0 0 0 1 0 1 0 0 0 0 1 1 0 2 0 0 2 1 0 2 0 1 0 0 0 2 0 1 0 0 1 0 1 0 3 0 1 0 1 0 1 1 0 3 0 0 0 0 0 0 1 0 2 0 0 0 1 0 1 0 0 0 0 0 1 1 0 2 0 1 0 1 0 0 0 0 1 0 0 1 1 0 0 1 0 0 0 0 2 1 0 2 0 0 1 0 0 2 0 0 3 0 0 3 0 0 0 0 0 2 0 0 0 1 0 2 0 0 1 1 0 0 0 0 1 1 0 0 1 0 0 0 0 2 0 0 1 0 0 0 0 0 1 1 0 1 0 0 1 0 1 0 0 0 3 0 0 0 0 0 2 0 0 0 0 0 2
0 238 1 0 0 3 0 0 1 0 0 0 1 0 1 0 0 2 1 0 0 1 0 1 0 0 0 1 0 2 0 1 0 0 1 0 1 0 2 0 0 2 1 0 1 0 1 0 0 0 1 1 0 3 0 1 0 0 0 2 1 0 2 0 1 0 1 0 3 0 0 1 0 0 2 0 0 0 0 0 1 0 1 0 0 0 1 0 0 1 0 0 1 0 0 3 0 0 1 0 1 0 0 0 0 1 0 3 0 1 0 1 0 0 0 0 2 0 1 0 0 0 1 1 0 0 1 0 0 0 0 3 0 0 0 0 1 0 0 0 1 0 1 0 0 0 1 0 0 2 0 0 3 0 0 2 0 0 1 1 0 1 0 0 0 1 0 1 1 0 0 0 0 2 0 0 1 0 1 0 0 1 0 1 0 0 1 0 0 1 0 2 0 0 1 0 0 3 0 0 2 0 0 1 0 1 0 1 0 1 0 0 0 0 0 3 0 0 3 0 0 2 1 0 3 0 0 2 0 1 0 0 1 0 0 1 0 1 0 0
0 238 2 1 0 1 1 0 1 0 0 1 0 1 0 0 0 0 1 0 1 0 0 3 0 0 1 1 0 1 0 1 0 0 0 0 1 0 1 0 0 0 1 0 2 1 0 3 0 0 0 0 0 3 0 0 3 0 0 2 0 0 1 0 1 0 1 0 2 1 0 1 0 1 0 0 1 0 0 0 2 1 0 2 1 0 2 0 0 2 0 0 2 1 0 1 1 0 1 1 0 2 1 0 1 1 0 3 0 1 0 0 0 1 1 0 0 0 0 2 1 0 3 0 0 2 0 0 1 1 0 1 0 1 0 1 0 2 1 0 2 1 0 2 1 0 2 1 0 0 0 0 1 1 0 3 0 0 3 0 0 3 0 0 1 0 1 0 1 0 0 0 1 0 1 0 2 0 0 0 0 0 0 0 0 2 0 0 2 1 0 0 1 0 1 1 0 1 1 0 3 0 0 3 0 0 0 0 0 3 0 0 0 1 0 2 0 0 2 0 0 1 0 0 3 0 0 0 0 1 0 0 0 0 0 0 0 0 0 1
1 240 1 0 0 1 0 3 0 0 3 0 0 2 1 0 2 1 0 1 0 1 0 0 0 1 1 0 2 0 1 0 0 0 2 1 0 1 0 0 3 0 0 1 1 0 2 0 0 2 0 1 0 1 0 2 0 0 1 1 0 3 0 0 3 0 0 0 1 0 1 1 0 2 1 0 3 0 1 0 1 0 1 0 0 2 0 0 1 0 0 0 0 0 1 0 0 0 0 0 0 0 0 2 0 0 0 0 0 3 0 0 2 1 0 3 0 0 1 1 0 1 0 0 2 1 0 3 0 0 3 0 1 0 0 1 0 1 0 2 0 0 2 0 0 2 0 0 1 1 0 0 0 1 0 0 0 3 0 0 2 0 0 1 1 0 2 0 0 0 0 0 2 0 0 0 1 0 0 0 1 0 0 0 0 1 0 0 0 0 0 1 0 1 1 0 0 0 0 0 0 0 3 0 0 1 0 1 0 1 0 1 1 0 0 1 0 0 1 0 3 0 0 2 1 0 1 0 1 0 1 0 2 1 0 0 0 0 0 0 0 2
0 241 1 0 0 2 1 0 3 0 0 2 0 0 1 0 0 1 1 0 2 1 0 3 0 0 0 0 0 1 0 0 3 0 0 1 1 0 2 1 0 1 1 0 2 1 0 1 0 0 0 0 1 0 1 0 0 1 0 2 1 0 3 0 0 1 1 0 0 1 0 0 0 0 2 0 0 3 0 1 0 0 0 3 0 1 0 1 0 1 0 0 0 0 0 2 0 0 0 0 0 0 0 1 0 0 1 0 1 0 2 0 0 1 0 0 2 1 0 2 0 1 0 0 0 1 0 0 3 0 0 2 0 1 0 0 0 0 1 0 0 1 0 3 0 1 0 1 0 2 0 0 1 1 0 3 0 0 2 1 0 3 0 1 0 0 0 0 0 1 0 0 1 0 1 0 0 0 0 1 1 0 2 1 0 1 0 0 1 0 0 1 0 1 0 1 0 0 0 0 0 1 0 1 1 0 2 0 0 0 0 1 0 1 0 1 0 0 2 1 0 3 0 0 0 1 0 3 0 0 0 1 0 1 1 0 0 0 0 0 1 0 0
0 241 2 1 0 1 0 0 2 1 0 3 0 0 2 0 1 0 0 0 2 0 0 2 0 1 0 0 0 2 1 0 1 1 0 2 1 0 2 0 0 0 0 0 1 1 0 2 0 0 1 0 0 0 0 0 2 1 0 2 0 0 2 1 0 2 0 0 2 0 0 1 1 0 0 0 0 2 0 0 3 0 0 3 0 1 0 0 0 3 0 0 0 0 1 0 0 1 0 0 0 1 0 0 0 0 0 0 1 0 0 1 0 1 1 0 1 0 0 1 0 0 2 1 0 2 1 0 2 0 0 0 0 0 2 1 0 1 0 0 2 1 0 3 0 1 0 1 0 0 1 0 2 1 0 3 0 0 1 0 0 3 0 0 2 1 0 1 0 0 0 0 0 0 0 0 1 0 1 0 0 0 1 1 0 2 0 0 2 0 0 3 0 0 0 0 0 1 0 0 1 1 0 0 0 0 0 1 0 0 0 0 0 0 1 0 0 0 1 0 0 2 1 0 0 1 0 2 1 0 0 0 1 0 1 0 0 0 0 1 0 0 1
0 243 1 0 0 1 0 2 1 0 1 0 0 3 0 0 0 0 0 3 0 0 1 0 0 0 0 0 3 0 0 2 0 0 0 0 0 2 0 0 0 0 1 0 0 1 0 0 0 0 1 0 1 0 0 0 1 0 1 0 0 1 0 0 1 0 0 0 1 0 3 0 0 3 0 0 1 1 0 0 0 0 2 0 0 2 0 0 3 0 0 2 0 1 0 1 0 3 0 1 0 0 0 2 0 0 0 0 0 1 0 0 2 0 1 0 1 0 2 0 0 2 1 0 1 0 0 2 0 0 0 0 1 0 1 0 0 1 0 2 1 0 1 0 0 3 0 1 0 0 0 2 1 0 2 0 0 2 1 0 1 1 0 2 0 0 0 1 0 2 0 0 0 0 0 0 0 0 2 1 0 3 0 0 0 0 0 1 0 0 0 0 0 1 0 1 0 0 0 2 0 0 3 0 0 1 0 0 1 0 0 1 0 0 0 1 0 2 1 0 2 1 0 0 1 0 1 1 0 1 1 0 1 0 0 0 0 0 1 0 0 2 0 0 2
1 244 1 0 0 2 1 0 1 1 0 2 1 0 1 0 1 0 1 0 1 1 0 1 0 0 0 1 0 1 1 0 3 0 0 0 0 1 0 0 1 0 1 0 3 0 1 0 0 0 1 0 0 3 0 0 1 0 0 3 0 0 2 0 0 2 0 0 1 1 0 3 0 0 1 1 0 2 0 0 1 1 0 0 0 0 0 0 0 2 0 0 0 0 1 0 1 0 3 0 0 3 0 0 0 0 1 0 0 0 2 1 0 0 0 1 0 1 0 1 0 0 0 1 0 2 0 1 0 1 0 0 0 0 0 0 0 2 1 0 1 1 0 2 1 0 2 0 0 3 0 0 2 0 0 1 0 0 1 0 0 0 0 0 0 1 0 0 1 0 0 0 1 0 0 0 0 1 0 1 0 0 2 0 1 0 0 0 2 0 0 0 0 0 2 1 0 3 0 0 1 0 0 1 1 0 1 0 0 2 0 0 2 0 0 1 1 0 2 0 0 1 1 0 1 0 1 0 1 0 3 0 0 3 0 0 0 0 0 2 1 0 0 0 0 0
1 244 2 1 0 1 0 0 0 0 0 1 1 0 3 0 0 0 0 1 0 1 0 2 0 0 1 1 0 0 0 0 2 1 0 0 0 0 0 0 0 0 1 0 3 0 0 2 1 0 2 1 0 1 1 0 1 1 0 1 1 0 3 0 1 0 1 0 2 1 0 2 1 0 2 1 0 0 1 0 2 0 0 1 0 0 0 0 1 0 1 0 0 0 0 0 1 0 3 0 0 1 0 1 0 1 0 3 0 0 1 1 0 1 0 0 0 0 0 3 0 0 1 1 0 1 0 1 0 0 0 1 0 0 0 1 0 1 0 0 0 0 0 2 0 0 1 0 0 1 1 0 3 0 0 2 0 0 2 0 0 0 0 0 1 0 0 2 0 0 1 1 0 2 1 0 1 0 1 0 0 0 0 0 0 3 0 0 0 0 1 0 1 0 1 0 0 2 1 0 1 0 0 3 0 0 3 0 1 0 1 0 3 0 1 0 0 0 0 1 0 2 0 1 0 0 1 0 1 0 3 0 0 1 0 1 0 1 0 0 1 0 0 0 0 0
1 246 1 0 0 1 0 2 0 0 0 0 1 0 0 0 2 1 0 0 0 0 0 1 0 0 1 0 2 0 0 1 1 0 0 1 0 0 0 0 0 0 0 1 1 0 3 0 0 1 0 0 2 0 0 0 0 0 0 0 0 0 0 0 3 0 1 0 1 0 2 0 0 2 0 0 1 1 0 1 1 0 0 1 0 1 0 0 1 0 0 0 0 0 1 0 0 1 1 0 2 1 0 2 0 0 0 1 0 2 1 0 2 0 0 3 0 0 0 1 0 1 1 0 2 0 1 0 0 0 2 1 0 2 0 0 1 0 0 3 0 0 0 0 1 0 1 0 1 0 1 0 0 0 2 1 0 3 0 1 0 0 1 0 0 0 2 0 1 0 1 0 2 1 0 1 1 0 2 1 0 2 1 0 0 1 0 1 1 0 0 0 0 0 0 1 0 0 0 0 1 0 2 1 0 2 0 0 2 0 1 0 1 0 3 0 0 2 1 0 1 1 0 1 0 1 0 0 0 0 1 0 2 1 0 2 0 0 0 0 0 2 0 0 1 0 0 0
1 247 1 0 0 2 1 0 0 0 1 0 1 0 3 0 0 1 1 0 0 0 0 1 0 0 2 1 0 0 1 0 2 0 0 2 0 0 1 0 0 0 0 1 0 0 0 2 1 0 1 0 1 0 0 1 0 0 0 0 0 0 0 1 0 2 0 1 0 1 0 0 1 0 3 0 0 3 0 1 0 1 0 1 0 0 3 0 0 2 0 0 0 0 0 2 0 1 0 0 0 2 0 0 0 1 0 0 1 0 2 0 0 1 0 0 1 1 0 0 1 0 0 0 0 1 0 0 3 0 0 2 0 0 0 1 0 1 1 0 1 1 0 0 0 0 0 0 1 0 0 0 3 0 0 2 0 0 3 0 0 3 0 1 0 1 0 0 0 1 0 1 0 2 0 0 0 0 0 2 0 0 1 1 0 1 0 1 0 1 0 0 0 0 0 1 0 2 1 0 1 1 0 2 0 0 1 0 0 0 0 1 0 1 0 3 0 0 0 1 0 3 0 1 0 0 0 2 1 0 1 1 0 2 0 0 0 0 1 0 0 1 0 1 0 1 0 0 0
1 247 2 1 0 0 1 0 1 0 0 0 1 0 2 1 0 2 0 0 1 0 0 2 1 0 0 1 0 1 1 0 0 1 0 3 0 0 2 0 0 0 1 0 3 0 0 1 1 0 2 1 0 3 0 1 0 0 0 0 0 0 1 1 0 1 0 1 0 0 0 2 1 0 3 0 0 2 0 1 0 0 1 0 0 0 1 1 0 3 0 0 0 1 0 0 0 0 3 0 0 0 1 0 0 0 0 2 1 0 0 1 0 1 0 0 3 0 0 2 0 0 1 0 0 2 1 0 1 1 0 3 0 0 1 0 1 0 1 0 3 0 0 1 0 0 0 1 0 3 0 0 3 0 0 0 0 0 2 0 0 2 0 1 0 0 0 2 0 0 0 1 0 0 0 1 0 0 1 0 1 0 2 0 1 0 0 1 0 0 0 1 0 0 1 1 0 2 0 0 0 0 0 0 1 0 1 0 0 1 0 0 0 1 0 2 1 0 0 1 0 3 0 0 3 0 0 2 0 0 0 0 0 0 1 0 0 0 0 0 0 0 0 0 0 3 0 0 0
