101 4
0 1 0
0 1 1
1 1 2
0 2 1 1
0 2 2 2
1 3 1 2 0
1 3 3 0 2
0 4 1 3 0 1
1 5 1 0 1 3 0
1 5 2 1 0 1 2
0 6 1 1 1 1 0 0
0 6 2 2 2 2 0 0
0 7 1 2 1 0 3 0 0
0 8 1 0 0 1 1 2 2 1
0 8 2 0 0 3 0 1 0 1
1 9 1 0 2 2 2 2 3 0 2
0 9 2 1 2 1 1 1 2 0 1
1 10 1 1 2 1 1 2 3 0 3 0
0 10 3 0 0 2 0 1 2 0 2 2
1 11 1 2 2 2 1 0 0 0 0 2 0
1 12 1 0 1 1 0 1 0 0 0 1 0 2
0 12 2 0 2 2 0 2 0 0 0 2 1 1
1 13 1 1 0 2 0 0 0 2 1 1 1 1 2
0 13 2 2 1 0 2 1 1 1 1 2 3 0 0
0 14 1 2 0 1 1 1 1 2 3 0 1 1 2 1
0 14 3 0 3 0 1 3 0 1 1 3 0 2 1 1
1 15 1 3 0 3 0 0 1 3 0 2 3 0 1 1 2
0 16 1 0 2 0 2 2 2 0 2 0 2 1 3 0 2 1
0 16 2 1 1 0 2 1 0 0 1 0 1 2 3 0 1 1
0 17 1 1 1 2 1 1 1 0 0 2 1 0 1 1 3 0 1
1 17 2 3 0 0 1 2 2 0 1 1 1 0 3 0 1 3 0
1 18 1 2 1 2 2 0 0 3 0 2 2 2 1 3 0 0 1 2
0 19 1 0 0 2 1 3 0 1 3 0 2 1 0 2 2 2 2 0 0
0 19 2 0 1 1 2 3 0 0 2 0 1 1 1 2 1 0 3 0 0
0 20 1 0 3 0 2 2 1 2 2 0 3 0 2 0 0 1 1 2 2 1
0 20 2 1 3 0 2 0 2 2 0 0 3 0 0 2 1 3 0 1 0 1
1 21 1 1 2 3 0 1 0 1 3 0 1 2 2 2 1 2 2 2 3 0 2
0 21 3 0 1 1 3 0 0 0 2 0 0 1 1 0 2 2 1 1 2 0 1
1 22 1 2 3 0 2 2 2 1 1 0 2 1 2 2 1 2 0 1 3 0 3 0
0 23 1 0 1 2 0 2 1 0 1 2 1 1 2 2 0 2 1 0 0 2 0 2 2
1 23 2 1 0 0 0 1 1 1 0 0 2 0 1 0 0 1 1 0 1 1 0 2 0
1 24 1 1 1 0 0 0 2 2 2 0 1 0 2 3 0 0 2 2 0 2 2 1 0 2
0 24 2 2 2 0 0 1 2 0 3 0 2 1 2 1 2 2 2 0 0 2 0 1 1 1
0 25 1 2 0 3 0 1 0 0 0 3 0 1 2 1 2 2 0 3 0 1 0 3 0 1 2
1 26 1 0 0 0 2 2 3 0 0 1 3 0 0 0 2 2 0 0 2 3 0 0 3 0 0 0
1 26 2 0 0 1 2 1 1 2 2 0 1 2 1 1 1 3 0 1 2 1 2 2 2 2 1 0
1 27 1 0 2 2 0 0 2 0 1 0 0 0 0 1 3 0 2 0 0 0 2 2 1 1 0 1 0
1 27 2 1 1 3 0 1 0 2 3 0 0 0 1 0 2 0 0 2 1 1 2 0 1 2 0 2 0
1 28 1 1 2 0 1 3 0 0 2 1 2 1 0 2 1 0 2 2 1 2 0 0 0 0 0 0 0 2
0 28 3 0 0 0 0 1 2 2 1 2 1 1 1 1 1 1 2 0 2 0 2 1 0 0 0 0 1 1
0 29 1 2 2 1 0 1 0 1 0 2 1 1 2 2 2 3 0 0 0 1 0 1 1 0 0 0 0 2 2
1 30 1 0 1 0 1 0 2 0 2 1 1 2 0 1 1 1 1 2 1 0 2 0 2 2 0 0 0 1 2 0
1 30 2 0 2 0 2 1 1 0 1 1 3 0 3 0 1 3 0 0 1 1 1 0 1 3 0 0 0 3 0 2
0 31 1 1 0 1 0 1 1 2 0 3 0 2 0 3 0 0 1 2 1 2 2 2 1 0 1 2 1 1 3 0 1
1 31 2 2 0 2 0 3 0 0 0 3 0 1 0 2 2 2 0 0 2 2 1 0 1 1 0 0 2 0 1 3 0
1 32 1 2 0 0 1 0 2 2 1 1 2 3 0 0 2 0 3 0 1 2 0 1 0 2 2 0 1 1 0 0 1 2
0 32 3 0 2 1 2 1 2 0 2 0 1 1 2 2 1 0 2 3 0 3 0 2 1 1 3 0 2 2 0 1 0 0
0 33 1 3 0 1 2 1 2 1 0 0 3 0 2 2 0 1 1 2 2 0 3 0 1 2 0 2 0 1 3 0 2 0 0
0 34 1 0 2 0 0 0 2 1 1 0 1 3 0 1 3 0 3 0 1 0 0 3 0 0 0 0 1 0 0 2 0 0 2 1
0 34 2 1 0 2 1 1 1 1 2 1 0 2 0 0 2 0 2 2 3 0 1 2 2 1 0 0 2 0 1 0 2 2 1 1
0 35 1 1 1 1 1 1 2 3 0 0 1 1 0 2 2 1 0 2 1 2 0 0 1 0 1 0 1 0 3 0 0 2 0 1 2
1 35 2 2 2 2 3 0 1 1 2 1 2 2 1 2 0 1 1 1 2 0 2 1 2 0 2 0 2 1 2 2 2 1 0 0 0
1 36 1 2 1 1 1 1 3 0 2 1 2 2 0 2 0 3 0 2 0 0 0 1 2 1 0 1 0 1 2 2 1 0 1 0 0 0
1 37 1 0 0 1 2 3 0 2 0 1 2 2 0 0 1 0 3 0 0 2 1 1 0 0 1 0 2 1 0 1 0 1 0 2 0 0 0
1 37 2 0 1 0 1 2 0 1 0 0 0 3 0 0 2 1 2 2 2 1 1 2 0 0 2 1 1 1 0 2 0 2 1 0 2 1 0
1 38 1 0 2 3 0 3 0 2 3 0 0 1 2 2 2 1 2 2 1 0 1 3 0 2 2 1 1 2 2 1 1 0 1 1 1 1 1 0
1 38 2 1 2 2 0 3 0 2 1 2 2 0 1 1 0 2 2 0 1 1 0 2 0 2 0 2 0 1 0 1 2 0 2 2 2 2 2 0
1 39 1 1 2 2 0 0 3 0 1 2 1 3 0 2 2 1 1 3 0 2 2 1 1 0 1 0 0 3 0 0 0 0 0 2 1 1 0 3 0
0 39 3 0 0 3 0 1 3 0 0 0 2 3 0 2 0 2 0 2 0 2 0 1 2 0 2 0 1 2 2 1 0 0 1 1 1 2 1 2 2
1 40 1 2 2 2 3 0 0 1 2 1 1 2 2 0 1 0 1 0 1 0 1 0 0 0 0 1 0 0 1 0 1 0 0 2 3 0 0 2 2 0
1 41 1 0 1 1 1 1 2 2 0 0 2 0 0 3 0 2 0 2 0 2 0 2 0 0 0 0 2 0 0 2 0 2 0 1 2 1 2 2 1 3 0
0 41 2 0 2 2 3 0 0 3 0 1 0 2 2 3 0 1 0 1 0 1 0 0 2 1 0 1 0 2 2 1 0 1 0 0 0 2 2 0 2 2 2
1 42 1 1 0 2 1 1 2 2 2 3 0 0 2 1 1 2 3 0 2 0 2 0 1 1 1 0 2 1 2 0 1 0 2 0 0 1 2 0 0 2 1 0
1 42 2 2 1 1 2 0 1 1 1 1 2 2 1 2 0 1 2 0 1 0 0 3 0 1 2 1 1 2 0 3 0 0 0 2 1 3 0 2 2 1 1 0
1 43 1 2 0 1 3 0 3 0 1 3 0 1 0 2 0 3 0 3 0 2 0 1 3 0 0 0 2 0 0 0 2 2 1 1 1 2 3 0 2 0 1 2 0
1 44 1 0 0 0 0 2 0 3 0 0 1 3 0 0 1 0 3 0 3 0 1 0 0 1 2 1 1 0 2 1 1 2 0 1 3 0 1 2 0 0 3 0 3 0
0 44 2 0 0 0 1 1 0 2 2 2 0 1 2 1 2 1 3 0 2 2 3 0 1 0 0 1 2 1 1 2 0 0 0 0 1 3 0 3 0 1 3 0 2 2
1 45 1 0 2 1 0 2 2 1 2 1 0 0 0 0 2 1 2 3 0 2 1 1 2 3 0 1 0 0 1 3 0 2 1 0 1 0 2 0 3 0 0 2 0 2 0
1 45 2 1 1 1 1 2 0 2 1 1 0 0 0 1 1 2 2 2 0 1 2 0 1 1 2 3 0 1 0 2 0 1 1 0 2 1 1 0 2 2 2 1 0 0 2
0 46 1 1 1 2 3 0 0 0 1 1 2 0 0 0 3 0 1 0 3 0 3 0 3 0 2 2 1 3 0 0 0 3 0 1 1 1 1 2 1 2 1 0 1 0 1 1
0 46 2 3 0 1 1 2 1 0 2 3 0 2 1 1 2 3 0 0 3 0 3 0 3 0 2 0 2 2 2 1 1 2 3 0 1 3 0 0 2 1 1 0 2 0 2 2
1 47 1 2 1 3 0 2 1 1 1 2 2 0 1 2 0 1 1 2 2 3 0 3 0 3 0 1 0 2 1 0 2 0 1 2 0 0 1 2 2 1 1 2 1 1 0 2 0
1 48 1 0 0 2 3 0 1 1 3 0 0 3 0 3 0 3 0 2 2 1 2 0 3 0 2 3 0 0 1 1 1 0 3 0 3 0 1 0 1 0 2 0 0 1 2 1 0 2
0 48 2 0 1 2 1 3 0 2 2 2 2 3 0 3 0 3 0 2 0 2 1 0 3 0 2 1 2 1 2 2 2 1 3 0 2 2 3 0 2 1 0 2 2 0 0 1 1 1
0 49 1 1 0 0 0 2 3 0 2 1 1 1 2 0 3 0 3 0 1 0 1 1 1 3 0 1 2 1 2 2 1 0 2 3 0 2 1 2 0 1 1 1 1 3 0 0 2 2 2
1 49 2 2 0 0 1 2 2 0 1 1 3 0 0 0 3 0 2 2 3 0 2 3 0 2 0 0 0 2 2 0 1 1 2 2 0 1 2 0 3 0 1 3 0 1 2 2 2 1 0
1 50 1 1 3 0 1 0 0 3 0 3 0 1 2 1 1 3 0 2 1 2 0 2 2 0 0 2 1 1 1 3 0 3 0 1 0 0 0 0 0 3 0 0 2 0 0 1 1 0 1 0
1 50 3 0 1 2 3 0 1 3 0 3 0 0 0 2 0 2 0 1 2 1 0 1 3 0 1 1 1 3 0 2 0 2 2 3 0 0 0 0 1 2 2 2 0 2 1 2 2 0 2 0
1 51 1 3 0 0 1 2 0 0 2 0 2 2 1 1 1 0 1 0 0 0 1 1 0 1 3 0 2 0 2 0 1 0 2 1 1 2 1 0 1 0 1 1 0 0 1 2 2 0 0 0 2
0 52 1 0 1 2 1 3 0 2 2 1 0 2 0 1 2 2 0 2 0 0 0 2 2 1 0 2 0 1 0 0 3 0 0 1 2 0 0 1 0 2 0 2 2 0 1 0 0 3 0 0 1 1
0 52 2 1 0 0 2 3 0 2 0 1 1 1 0 0 1 0 0 0 2 1 1 2 0 1 1 0 2 3 0 1 2 2 1 3 0 2 1 2 1 1 0 1 3 0 2 0 1 2 2 1 2 2
1 53 1 1 1 0 1 2 2 0 0 3 0 1 2 0 0 2 0 0 1 1 1 3 0 3 0 1 1 2 2 0 0 1 0 2 3 0 1 2 1 1 2 1 0 2 0 1 0 0 1 0 2 2 0
1 53 2 2 2 1 0 0 3 0 1 2 3 0 3 0 1 0 2 1 2 3 0 2 0 2 3 0 2 1 3 0 0 2 1 2 2 0 0 0 2 0 0 1 1 0 2 3 0 0 2 1 1 3 0
0 54 1 2 1 0 1 0 1 3 0 0 1 2 0 2 3 0 0 1 2 2 2 0 1 0 2 2 0 1 2 2 2 2 1 2 1 3 0 0 1 0 2 1 2 2 1 2 1 2 2 1 2 0 1 2
1 55 1 0 0 1 0 2 1 0 1 2 2 0 0 0 2 1 2 2 0 1 0 3 0 2 1 2 0 0 0 1 1 1 0 2 1 2 2 2 1 2 1 1 2 2 0 2 1 2 2 0 2 1 0 0 0
1 55 2 0 0 2 1 1 1 1 0 0 3 0 0 1 1 2 1 3 0 2 1 3 0 1 2 0 2 1 0 2 2 2 1 1 2 2 1 0 2 1 2 0 1 0 0 1 2 2 0 0 1 1 0 0 0
1 56 1 0 2 2 1 1 2 2 2 0 1 2 2 1 3 0 0 2 3 0 1 2 3 0 0 0 0 1 1 1 2 1 0 2 0 1 0 1 1 1 2 0 2 3 0 1 0 0 3 0 0 2 2 0 0 0
1 56 2 1 2 0 2 0 1 1 0 0 0 1 0 2 2 2 2 2 2 0 0 1 1 2 1 0 0 2 3 0 0 1 1 0 2 3 0 2 3 0 0 0 2 1 2 3 0 1 2 2 2 1 3 0 0 0
1 57 1 1 2 1 0 0 3 0 1 0 0 0 2 1 2 1 1 1 0 3 0 0 3 0 0 1 0 1 2 1 2 1 2 2 1 2 2 0 2 1 2 1 1 1 2 2 2 0 0 1 1 0 2 2 2 1 0
1 57 3 0 0 1 0 1 2 2 3 0 0 1 1 2 1 1 2 2 1 2 2 2 2 2 1 2 1 0 0 2 1 2 2 0 2 2 0 0 1 2 1 1 3 0 1 0 3 0 0 2 2 1 2 1 0 1 0
1 58 1 2 2 1 2 1 0 1 1 1 2 1 3 0 0 2 0 1 0 2 2 1 1 1 0 2 1 1 0 1 1 2 2 0 0 1 3 0 1 0 0 2 0 1 3 0 0 2 2 2 2 0 2 1 1 0 2 0
