251 3
0 1 0
0 1 1
1 2 1 0
0 3 1 0 1
1 4 1 0 0 0
1 5 1 0 1 1 0
1 6 1 0 0 0 1 0
0 7 1 0 2 0 0 0 1
1 8 1 0 0 1 0 1 1 0
1 9 1 0 2 0 1 1 0 1 0
0 10 1 0 0 2 0 1 0 0 0 1
1 11 1 1 0 0 0 1 0 0 1 1 0
1 12 1 0 1 0 0 1 0 2 0 2 0 1
0 13 1 1 0 0 2 0 2 0 1 0 2 0 0
0 15 1 0 0 0 0 0 1 0 2 0 0 0 1 0 1
1 15 2 0 0 0 0 1 0 0 1 0 1 1 0 0 0
1 17 1 0 0 0 1 0 1 0 2 0 1 1 0 1 0 0 0
1 17 2 0 0 1 0 0 0 0 2 0 1 0 0 0 1 1 0
1 19 1 0 0 0 2 0 2 0 0 0 0 1 0 0 1 1 0 1 0
0 19 2 0 1 0 1 0 1 0 1 0 1 1 0 0 0 0 0 0 1
1 21 1 0 1 0 0 0 0 0 0 0 0 0 0 1 0 0 0 0 0 1 0
0 21 2 0 2 0 0 0 0 0 0 0 0 0 1 0 1 1 0 0 1 0 1
1 23 1 0 1 0 1 0 1 0 0 0 0 0 0 1 0 0 0 1 0 1 0 0 0
1 23 2 0 2 0 2 0 2 0 0 0 0 0 1 0 2 0 0 1 0 0 1 1 0
1 25 1 0 1 0 2 0 2 0 1 0 1 0 0 1 0 0 1 0 2 0 2 0 2 0 1
0 26 1 0 0 0 0 2 0 1 1 0 1 0 0 2 0 2 0 2 0 1 0 2 0 2 0 0
1 27 1 0 2 0 0 0 1 0 1 0 0 1 0 0 1 0 2 0 2 0 0 0 2 0 1 0 1
0 28 1 0 0 1 0 1 0 2 0 2 0 1 0 2 0 2 0 1 0 1 0 2 0 1 0 0 0 0
0 29 1 0 2 0 1 1 0 0 2 0 2 0 0 0 2 0 2 0 0 0 0 0 1 1 0 0 1 0 0
0 30 1 0 0 2 0 1 0 0 0 1 0 1 0 2 0 1 0 1 0 1 0 0 1 0 1 0 0 2 0 0
0 31 1 1 0 0 0 1 0 0 1 1 0 0 0 0 1 1 0 1 0 1 0 1 0 0 0 1 0 0 0 0 1
1 32 1 0 1 0 0 1 0 2 0 2 0 2 0 0 0 0 0 0 1 0 1 0 0 2 0 0 0 1 1 0 1 0
0 33 1 1 0 0 2 0 2 0 1 0 2 0 1 0 1 0 0 0 1 1 0 1 0 0 0 0 2 0 0 0 0 0 1
1 35 1 0 0 0 0 0 1 0 2 0 0 0 1 1 0 1 0 0 2 0 0 0 0 0 2 0 0 0 0 0 1 0 0 1 0
1 35 2 0 0 0 0 1 0 0 1 0 2 0 0 0 0 1 0 0 0 0 1 0 1 0 0 0 1 0 0 0 2 0 1 0 1
0 37 1 0 0 0 1 0 1 0 2 0 2 0 0 0 1 0 1 0 1 1 0 0 2 0 2 0 0 0 2 0 1 0 1 0 0 0 0
0 37 2 0 0 1 0 0 0 0 2 0 1 0 1 1 0 0 0 0 1 0 0 0 1 0 1 0 2 0 0 1 0 1 0 0 1 0 0
0 39 1 0 0 0 2 0 2 0 0 0 1 0 0 0 0 1 0 0 0 0 2 0 0 1 0 0 0 0 1 1 0 0 0 0 2 0 1 0 0
0 39 2 0 1 0 1 0 1 0 1 0 2 0 0 0 1 0 2 0 0 0 0 0 2 0 1 1 0 1 0 1 0 0 1 0 0 1 0 0 1
1 41 1 0 1 0 0 0 0 0 0 0 0 0 1 0 1 1 0 0 1 0 1 0 1 0 1 0 1 0 0 1 0 0 2 0 1 0 1 0 2 0 1
0 41 2 0 2 0 0 0 0 0 0 0 0 1 0 0 0 1 0 0 2 0 2 0 2 0 2 0 2 0 1 1 0 0 1 0 0 0 0 0 2 0 0
0 43 1 0 1 0 1 0 1 0 0 0 0 0 1 0 2 0 0 1 0 0 1 0 2 0 2 0 2 0 2 0 0 1 0 0 2 0 0 0 1 0 0 0 1
1 43 2 0 2 0 2 0 2 0 0 0 0 1 0 0 1 0 2 0 2 0 2 0 1 0 2 0 2 0 1 1 0 0 0 0 0 0 1 0 2 0 0 1 0
1 45 1 0 1 0 2 0 2 0 1 0 1 0 1 0 2 0 2 0 1 0 2 0 2 0 0 0 2 0 2 0 0 1 0 0 0 0 0 1 0 0 1 0 2 0 1
0 46 1 0 0 0 0 2 0 2 0 0 0 0 0 0 0 2 0 2 0 0 0 2 0 1 0 2 0 1 0 1 0 2 0 1 1 0 0 1 0 2 0 2 0 1 0 0
0 47 1 0 2 0 0 0 1 0 1 0 1 0 0 0 1 0 1 0 1 0 2 0 1 0 0 0 2 0 0 0 0 0 2 0 0 1 0 1 0 0 2 0 1 1 0 0 1
1 48 1 0 0 1 0 1 0 2 0 2 0 2 0 0 1 0 0 0 0 0 0 1 1 0 0 2 0 0 0 1 0 1 0 0 1 0 0 0 1 0 0 1 0 0 1 0 1 0
0 49 1 0 2 0 1 1 0 0 2 0 2 0 1 0 2 0 1 1 0 0 1 0 0 0 0 0 0 0 1 0 2 0 2 0 1 0 2 0 0 0 2 0 1 0 1 1 0 0 1
1 50 1 0 0 2 0 1 0 0 0 1 0 2 0 0 0 2 0 0 1 0 0 2 0 0 0 0 0 0 1 0 0 2 0 2 0 0 0 1 0 2 0 1 0 0 0 0 1 0 1 0
0 51 1 1 0 0 0 1 0 0 1 1 0 0 1 0 2 0 0 1 0 0 0 0 0 0 1 0 0 0 1 1 0 0 1 0 1 0 1 1 0 0 1 1 0 0 1 0 1 1 0 0 1
1 52 1 0 1 0 0 1 0 2 0 2 0 2 0 2 0 0 0 2 0 1 1 0 0 0 0 2 0 0 1 0 1 0 1 0 0 0 0 0 1 0 1 0 1 0 1 0 0 0 1 0 1 0
0 53 1 1 0 0 2 0 2 0 1 0 2 0 2 0 1 0 2 0 1 0 0 1 0 0 1 0 0 1 0 0 0 1 0 0 1 1 0 0 1 1 0 1 0 1 0 0 2 0 0 1 0 0 1
1 55 1 0 0 0 0 0 1 0 2 0 0 0 2 0 2 0 0 0 1 1 0 0 2 0 2 0 1 0 1 0 2 0 0 1 0 0 0 0 0 0 0 0 0 1 0 1 0 0 0 0 2 0 2 0 1
0 55 2 0 0 0 0 1 0 0 1 0 2 0 1 0 1 0 2 0 0 0 0 0 1 0 2 0 0 0 0 0 1 0 2 0 1 1 0 0 0 0 0 0 1 1 0 0 2 0 0 0 1 0 2 0 0
0 57 1 0 0 0 1 0 1 0 2 0 2 0 1 0 0 0 0 0 1 0 1 0 0 1 0 0 1 0 1 0 0 1 0 0 2 0 0 1 0 0 0 0 1 0 0 0 0 0 0 0 1 1 0 0 1 0 1
1 57 2 0 0 1 0 0 0 0 2 0 1 1 0 0 1 0 0 0 2 0 2 0 1 0 2 0 1 0 2 0 1 1 0 0 0 0 2 0 1 1 0 0 2 0 0 0 0 0 0 1 0 1 0 1 0 0 0
1 59 1 0 0 0 2 0 2 0 0 0 1 0 0 1 0 0 2 0 1 0 1 0 2 0 0 0 2 0 0 0 2 0 0 1 0 0 1 0 1 0 1 0 0 0 0 0 1 0 0 0 1 1 0 1 0 0 1 1 0
1 59 2 0 1 0 1 0 1 0 1 0 2 0 1 1 0 0 1 0 0 0 0 0 1 0 2 0 0 0 2 0 0 0 2 0 2 0 1 0 2 0 2 0 0 0 0 0 2 0 1 0 0 0 0 0 2 0 2 0 1
0 61 1 0 1 0 0 0 0 0 0 0 0 0 2 0 0 1 0 0 2 0 0 0 0 1 0 0 1 0 2 0 0 0 2 0 1 0 2 0 0 0 2 0 1 0 1 0 1 0 0 1 0 0 1 0 1 0 1 0 2 0 0
0 61 2 0 2 0 0 0 0 0 0 0 1 0 0 1 0 0 0 0 0 0 1 0 1 0 2 0 2 0 0 0 2 0 1 0 0 0 1 0 2 0 0 1 0 1 0 1 0 0 2 0 2 0 1 1 0 0 0 0 1 0 1
1 63 1 0 1 0 1 0 1 0 0 0 0 0 2 0 1 0 1 1 0 0 0 1 0 0 0 0 2 0 1 0 2 0 0 1 0 0 1 1 0 0 1 1 0 0 0 1 0 1 0 0 1 0 2 0 0 1 0 0 0 1 0 0 0
1 63 2 0 2 0 2 0 2 0 0 0 1 0 1 0 0 0 0 1 0 0 1 0 2 0 0 0 1 0 0 0 1 0 2 0 2 0 2 0 2 0 2 0 2 0 0 1 0 0 2 0 2 0 0 0 2 0 2 0 0 0 1 1 0
1 65 1 0 1 0 2 0 2 0 1 0 1 0 2 0 2 0 0 0 1 0 2 0 2 0 0 0 1 0 2 0 0 1 0 0 2 0 2 0 2 0 2 0 2 0 1 1 0 0 0 0 1 0 1 0 2 0 1 0 1 0 1 1 0 1 0
0 66 1 0 0 0 0 2 0 2 0 0 0 0 0 2 0 1 0 1 1 0 0 2 0 1 0 1 1 0 0 1 1 0 0 0 0 1 0 2 0 2 0 2 0 2 0 0 1 0 0 0 1 0 0 0 0 2 0 0 0 0 0 1 0 0 0 1
1 67 1 0 2 0 0 0 1 0 1 0 1 0 1 0 1 0 0 0 1 0 0 0 1 0 0 0 0 1 0 1 0 1 0 0 0 1 0 0 2 0 2 0 2 0 1 0 2 0 2 0 0 0 2 0 0 0 0 0 1 0 0 0 2 0 0 1 0
1 68 1 0 0 1 0 1 0 2 0 2 0 2 0 2 0 2 0 0 0 2 0 0 0 2 0 0 0 1 1 0 1 0 0 2 0 0 1 0 0 1 0 2 0 2 0 0 0 2 0 1 0 2 0 0 0 1 0 0 0 2 0 1 0 0 0 2 0 1
0 69 1 0 2 0 1 1 0 0 2 0 2 0 2 0 2 0 1 0 2 0 0 0 2 0 0 0 2 0 0 0 0 1 0 0 0 0 2 0 2 0 2 0 1 0 1 0 2 0 1 0 0 0 1 0 1 0 2 0 1 0 0 1 0 0 2 0 1 0 0
0 70 1 0 0 2 0 1 0 0 0 1 0 2 0 2 0 2 0 0 0 1 0 2 0 0 0 2 0 0 0 1 0 1 0 2 0 0 0 1 0 2 0 2 0 0 0 0 0 1 1 0 0 1 1 0 0 0 0 1 1 0 1 0 0 0 0 0 1 0 0 1
1 71 1 1 0 0 0 1 0 0 1 1 0 0 2 0 2 0 1 0 1 1 0 0 1 0 2 0 0 0 1 1 0 0 0 0 1 0 1 1 0 0 2 0 1 0 1 0 0 1 0 1 0 1 0 1 0 0 1 0 0 0 0 0 1 1 0 0 1 0 2 0 1
0 72 1 0 1 0 0 1 1 0 0 0 0 0 0 1 0 2 0 0 0 0 1 0 1 0 0 1 0 1 1 0 1 0 0 0 1 0 0 1 0 0 0 0 1 0 1 0 1 0 0 0 1 0 1 0 0 2 0 1 0 0 0 0 1 0 1 0 1 0 0 2 0 0
0 73 1 1 0 0 2 0 2 0 1 1 0 0 0 1 0 0 1 0 1 0 1 1 0 0 2 0 2 0 0 0 0 0 2 0 0 0 2 0 1 0 0 0 1 1 0 1 0 0 2 0 0 1 0 1 0 0 0 1 0 0 1 0 1 1 0 1 0 1 0 0 0 0 1
1 75 1 0 0 0 0 0 1 0 2 0 0 1 0 0 1 0 2 0 1 1 0 0 1 0 0 0 1 0 1 0 1 0 1 0 0 0 2 0 0 1 0 0 2 0 0 0 0 1 0 0 0 1 0 0 0 0 2 0 0 0 2 0 2 0 0 0 0 1 0 0 1 1 0 1 0
0 75 2 0 0 0 0 1 0 0 1 0 2 0 2 0 2 0 1 0 0 1 0 0 2 0 0 0 2 0 2 0 2 0 2 0 1 0 0 1 0 0 0 0 0 0 1 0 1 0 2 0 0 0 2 0 0 0 0 0 2 0 1 0 1 0 1 0 1 1 0 0 0 0 0 0 1
1 77 1 0 0 0 1 0 1 0 2 0 2 0 1 0 2 0 1 1 0 1 0 0 0 0 0 0 2 0 1 0 2 0 2 0 1 1 0 0 2 0 1 1 0 0 0 1 0 0 0 0 1 0 2 0 0 0 1 0 1 0 1 0 0 0 0 0 0 0 0 1 0 0 0 0 0 1 0
0 77 2 0 0 1 0 0 0 0 2 0 2 0 0 0 2 0 1 0 0 0 1 1 0 0 1 0 1 0 0 0 2 0 2 0 1 0 0 0 1 0 0 1 0 0 1 0 1 1 0 1 0 0 1 0 1 0 2 0 2 0 2 0 0 0 0 0 0 0 1 0 1 1 0 0 1 0 1
1 79 1 0 0 0 2 0 2 0 0 0 1 0 1 0 2 0 0 1 0 0 1 1 0 1 0 0 2 0 2 0 1 0 1 0 1 1 0 0 1 0 2 0 1 0 2 0 2 0 0 0 0 0 2 0 1 1 0 0 2 0 2 0 1 0 1 0 0 0 0 1 0 0 0 1 0 1 0 0 0
1 79 2 0 1 0 1 0 1 0 1 1 0 0 0 0 1 1 0 0 0 0 0 0 0 1 0 0 1 0 2 0 0 0 0 0 0 1 0 1 0 0 2 0 0 0 2 0 1 0 1 0 1 0 1 0 1 0 0 0 1 0 1 1 0 1 0 0 1 0 1 0 2 0 0 1 0 0 1 1 0
1 81 1 0 1 0 0 0 0 0 0 0 0 1 0 0 0 1 0 1 0 0 0 0 0 0 1 0 2 0 2 0 0 0 1 0 0 0 1 1 0 1 0 0 0 0 2 0 0 1 0 1 0 1 0 1 0 1 0 0 1 1 0 0 1 0 0 0 2 0 1 1 0 0 1 0 2 0 2 0 2 0 1
0 81 2 0 2 0 0 0 0 0 0 0 1 0 2 0 0 1 0 0 1 1 0 0 0 1 0 0 2 0 1 0 1 0 2 0 1 0 0 0 0 0 2 0 0 0 0 1 0 0 0 1 0 1 0 1 0 0 2 0 2 0 2 0 1 0 1 0 1 0 0 1 0 1 0 0 2 0 2 0 2 0 0
1 83 1 0 1 0 1 0 1 0 0 0 0 1 0 0 1 0 2 0 2 0 2 0 2 0 0 1 0 0 1 0 0 0 0 0 1 1 0 0 1 0 1 0 0 0 1 0 1 0 2 0 0 1 0 1 0 1 0 0 1 0 2 0 1 1 0 1 0 1 0 1 0 0 0 1 0 0 1 0 2 0 1 0 1
0 83 2 0 2 0 2 0 2 0 0 0 1 0 2 0 2 0 1 0 2 0 2 0 1 0 2 0 2 0 1 0 0 0 0 1 0 1 0 0 2 0 2 0 0 1 0 0 0 0 1 1 0 0 0 1 0 0 2 0 2 0 1 0 1 0 0 1 0 1 0 0 2 0 0 0 2 0 2 0 1 0 0 0 0
0 85 1 0 1 0 2 0 2 0 1 0 1 1 0 0 2 0 2 0 0 0 2 0 2 0 0 0 2 0 1 1 0 0 1 0 1 1 0 1 0 0 1 0 1 0 2 0 1 1 0 1 0 1 0 0 1 1 0 0 1 0 1 1 0 1 0 1 0 0 0 1 0 0 0 0 2 0 1 0 1 1 0 0 1 0 0
0 86 1 0 0 0 0 2 0 2 0 0 0 1 0 0 0 1 0 1 0 2 0 1 0 1 0 2 0 1 0 0 1 0 1 0 0 1 0 0 0 2 0 1 1 0 0 2 0 1 0 0 1 0 0 2 0 2 0 2 0 2 0 0 0 0 1 0 0 2 0 0 0 2 0 0 0 1 0 0 0 0 1 0 0 2 0 0
0 87 1 0 2 0 0 0 1 0 1 0 1 0 2 0 0 1 0 0 0 0 2 0 0 0 0 0 1 1 0 1 0 0 0 0 2 0 1 0 1 0 1 0 1 0 0 0 0 1 0 1 0 0 0 0 1 0 2 0 2 0 1 0 1 0 1 1 0 0 0 0 2 0 0 0 1 0 2 0 0 0 1 1 0 0 0 0 1
1 88 1 0 0 1 0 1 1 0 0 0 0 0 0 1 0 2 0 2 0 0 0 0 0 1 0 1 0 0 0 0 0 2 0 0 0 0 1 0 1 0 1 0 1 0 0 1 0 1 1 0 0 1 1 0 1 0 0 2 0 2 0 0 0 0 0 0 1 0 0 1 0 0 0 1 1 0 0 1 0 1 1 0 1 0 0 0 1 0
0 89 1 0 2 0 1 1 0 1 0 0 0 0 0 1 0 0 2 0 1 0 1 0 0 0 2 0 2 0 0 0 1 0 0 0 1 0 1 1 0 1 0 1 0 0 2 0 2 0 0 0 0 0 0 0 0 1 0 0 1 0 1 0 1 0 0 0 1 0 2 0 1 0 0 1 0 1 0 1 0 0 1 0 0 0 2 0 0 0 1
1 90 1 0 0 2 0 1 0 0 0 1 1 0 0 1 1 0 0 0 1 0 1 0 0 2 0 1 0 1 0 1 0 2 0 0 1 0 0 1 0 0 1 0 1 0 0 1 0 1 0 1 0 0 0 0 0 1 0 2 0 1 0 2 0 2 0 0 1 0 0 1 1 0 1 0 0 0 1 0 0 2 0 1 0 1 0 0 0 1 1 0
1 91 1 1 0 0 0 1 0 0 1 1 0 1 0 1 0 1 0 0 1 1 0 1 0 0 1 0 0 0 0 0 0 0 1 0 2 0 2 0 1 0 1 1 0 0 2 0 1 0 2 0 2 0 0 0 0 1 0 0 2 0 0 0 2 0 1 1 0 0 0 0 0 0 0 0 2 0 0 1 0 0 0 1 0 1 0 0 1 1 0 1 0
0 92 1 0 1 0 0 1 1 0 0 0 0 0 1 0 1 0 1 0 0 0 0 0 0 2 0 1 0 0 0 0 0 0 1 0 0 2 0 2 0 0 0 1 0 0 0 1 0 0 0 2 0 1 0 1 0 1 1 0 0 0 0 2 0 1 0 0 1 0 0 0 0 0 0 1 0 0 0 2 0 2 0 0 1 0 1 0 0 0 0 0 0 1
1 93 1 1 0 0 2 0 2 0 1 1 0 0 1 1 0 1 0 0 1 1 0 0 1 0 0 1 0 0 1 0 0 0 1 1 0 0 1 0 1 0 1 0 2 0 0 0 2 0 1 0 1 0 0 0 0 0 0 1 0 0 1 0 0 1 0 0 2 0 1 1 0 0 0 0 2 0 1 0 1 0 1 1 0 0 0 0 1 1 0 0 0 1 0
0 95 1 0 0 0 0 0 1 0 2 0 1 0 0 0 0 0 0 0 2 0 2 0 2 0 1 0 1 0 2 0 1 0 0 1 0 1 0 1 0 0 0 0 0 0 1 0 2 0 0 1 0 1 0 0 1 0 0 0 1 0 2 0 1 0 1 1 0 0 1 0 0 1 0 0 1 0 1 0 0 0 0 0 0 1 0 0 0 1 0 1 0 0 1 0 1
1 95 2 0 0 0 0 1 0 0 1 1 0 0 1 0 0 0 1 0 1 0 2 0 2 0 0 0 0 0 1 1 0 1 0 0 0 1 0 0 1 1 0 0 0 1 0 0 1 1 0 0 0 0 2 0 1 0 0 1 0 0 2 0 0 0 0 1 0 0 2 0 1 0 2 0 1 0 2 0 0 0 0 0 1 0 2 0 0 1 0 0 2 0 1 1 0
1 97 1 0 0 0 1 0 1 0 2 0 2 0 2 0 1 0 0 1 0 0 0 0 2 0 1 0 1 0 1 0 0 0 0 0 2 0 0 0 2 0 2 0 2 0 0 0 2 0 2 0 2 0 0 0 0 1 0 1 0 0 0 0 0 0 1 0 1 1 0 0 1 0 0 0 2 0 0 0 1 0 1 0 0 1 0 0 1 1 0 0 0 0 1 0 0 1 0
1 97 2 0 0 1 0 0 0 0 2 0 2 0 1 1 0 0 2 0 2 0 0 0 0 1 0 1 0 1 0 0 1 0 1 0 0 0 2 0 1 0 2 0 1 0 2 0 1 0 2 0 1 0 1 0 1 1 0 0 1 1 0 0 0 1 0 0 0 1 0 0 2 0 1 0 0 0 1 0 2 0 2 0 1 0 2 0 2 0 1 1 0 0 2 0 1 0 1
0 99 1 0 0 0 2 0 2 0 0 0 1 0 2 0 1 0 0 0 1 0 1 0 1 0 1 1 0 1 0 0 2 0 1 0 2 0 1 0 1 0 0 0 2 0 0 0 2 0 0 0 2 0 0 0 0 0 0 1 0 1 0 1 0 0 1 0 2 0 0 1 0 0 0 1 0 0 1 1 0 0 2 0 2 0 0 0 2 0 2 0 1 0 0 0 1 0 0 0 0
0 99 2 0 1 0 1 0 1 0 1 1 0 0 1 1 0 0 1 1 0 0 0 0 0 0 1 0 0 1 0 0 1 0 0 0 1 1 0 1 0 0 2 0 0 0 2 0 0 0 2 0 0 0 1 0 0 0 1 1 0 1 0 0 2 0 2 0 0 0 2 0 2 0 0 1 0 0 0 0 0 0 1 0 1 0 2 0 1 0 1 1 0 0 1 0 2 0 0 0 0
0 101 1 0 1 0 0 0 0 0 0 0 0 1 0 1 0 1 0 1 0 1 0 0 0 0 0 0 2 0 1 0 2 0 1 0 1 0 0 0 0 1 0 0 0 0 2 0 0 0 2 0 0 0 1 0 2 0 1 0 0 0 0 1 0 0 1 0 1 0 2 0 1 0 1 0 2 0 1 1 0 0 0 1 0 0 0 0 2 0 0 0 0 1 0 1 0 0 1 0 1 0 0
0 101 2 0 2 0 0 0 0 0 0 0 1 1 0 1 0 1 0 1 0 0 1 1 0 0 1 0 1 0 0 0 1 1 0 1 0 0 1 0 1 0 2 0 0 0 0 0 2 0 0 0 1 1 0 0 1 1 0 0 1 0 1 0 2 0 1 1 0 0 2 0 0 0 0 0 2 0 0 1 0 0 1 0 2 0 0 0 0 0 1 0 1 1 0 0 2 0 1 0 2 0 0
0 103 1 0 1 0 1 0 1 0 0 0 1 0 0 0 0 1 0 1 0 0 2 0 2 0 2 0 1 0 2 0 1 0 0 0 0 0 2 0 1 1 0 0 1 0 1 0 1 0 0 0 1 1 0 1 0 1 0 1 0 1 0 0 0 0 2 0 1 0 0 0 0 0 1 0 1 0 0 0 2 0 2 0 2 0 0 0 1 0 0 1 0 0 1 0 0 0 1 0 0 0 1 0 1
1 103 2 0 2 0 2 0 2 0 0 0 2 0 0 0 1 1 0 1 0 0 1 0 2 0 2 0 0 0 1 1 0 0 1 0 1 0 1 0 0 1 0 0 2 0 2 0 2 0 1 0 0 0 0 1 0 1 0 1 0 0 2 0 0 0 0 1 0 0 1 0 0 0 2 0 2 0 1 0 1 0 2 0 1 0 1 0 2 0 1 0 2 0 1 0 0 0 2 0 0 1 0 0 0
1 105 1 0 1 0 2 0 2 0 1 0 2 0 0 0 2 0 0 0 0 0 2 0 2 0 1 0 1 0 1 1 0 1 0 0 2 0 2 0 2 0 1 1 0 0 1 0 2 0 1 1 0 0 1 0 1 1 0 1 0 1 0 0 0 0 1 0 1 0 2 0 1 0 1 0 1 0 2 0 0 0 0 0 2 0 0 0 0 0 2 0 0 0 1 1 0 0 2 0 0 0 2 0 1 1 0
1 106 1 0 0 0 0 2 0 2 0 0 0 1 0 2 0 0 0 1 0 1 0 1 0 2 0 0 0 0 0 1 0 0 1 0 0 1 0 2 0 2 0 0 1 0 1 0 0 2 0 0 1 0 1 0 0 1 0 0 1 0 0 1 1 0 1 0 0 0 0 2 0 0 0 0 0 0 0 1 0 1 0 1 0 0 0 1 0 1 0 0 0 2 0 0 0 0 0 0 0 2 0 1 0 0 1 0
1 107 1 0 2 0 0 0 1 0 1 0 1 1 0 0 1 0 1 1 0 0 0 0 0 0 1 0 1 0 0 0 2 0 1 0 2 0 2 0 1 0 1 1 0 0 0 1 0 0 0 1 0 0 0 0 2 0 1 0 1 1 0 0 0 0 0 0 2 0 0 0 0 0 1 0 0 0 0 0 2 0 2 0 2 0 0 0 2 0 2 0 1 0 0 0 1 0 0 0 1 0 0 1 0 0 2 0 1
0 108 1 0 0 1 0 1 1 0 0 0 0 0 1 0 1 0 0 0 1 0 0 0 0 0 0 2 0 2 0 1 0 1 0 0 0 2 0 2 0 0 0 0 1 0 0 1 0 2 0 0 0 2 0 0 0 1 0 0 0 0 1 0 0 0 0 1 0 0 0 1 0 0 0 2 0 0 0 1 0 1 0 2 0 1 0 2 0 1 0 1 1 0 0 1 0 2 0 0 0 2 0 1 1 0 0 1 0 0
0 109 1 0 2 0 1 1 0 1 0 0 0 0 1 1 0 0 2 0 0 0 1 1 0 0 1 0 1 0 1 1 0 1 0 0 2 0 1 0 1 0 1 0 1 0 2 0 2 0 0 0 2 0 0 0 1 0 2 0 0 0 1 0 1 1 0 0 2 0 0 0 2 0 1 0 0 0 1 1 0 0 0 0 2 0 0 0 2 0 0 0 0 1 0 1 0 0 1 0 2 0 1 0 0 1 0 0 2 0 0
0 110 1 0 0 2 0 1 0 0 0 2 0 0 0 0 0 0 0 0 0 1 1 0 1 0 1 0 0 0 0 1 0 0 1 0 0 1 0 0 0 0 0 0 0 0 0 2 0 1 0 2 0 0 0 1 1 0 0 1 0 1 1 0 0 1 0 0 0 0 0 2 0 0 1 0 0 1 1 0 1 0 0 1 0 0 0 2 0 0 0 1 0 1 1 0 0 2 0 2 0 0 1 0 1 0 0 0 0 0 0 1
1 111 1 1 0 0 0 1 0 0 2 0 0 0 1 0 0 0 0 0 1 0 0 0 0 1 0 0 1 1 0 0 2 0 1 0 2 0 1 0 0 0 0 0 0 0 1 0 1 0 0 0 1 0 1 1 0 1 0 1 0 0 0 1 0 0 2 0 0 0 1 0 0 1 0 0 0 0 0 0 0 0 2 0 1 0 1 0 0 0 1 1 0 0 1 0 0 0 1 0 1 1 0 0 0 0 1 1 0 0 0 1 0
0 112 1 0 1 0 0 1 1 0 0 0 0 1 0 2 0 0 0 0 0 2 0 0 0 1 1 0 0 0 0 0 0 1 0 0 0 1 1 0 0 1 0 0 0 0 0 2 0 2 0 0 1 0 0 1 0 0 1 0 0 2 0 0 1 0 0 0 0 1 0 2 0 1 0 1 1 0 0 0 0 1 0 0 1 0 1 0 0 1 1 0 1 0 0 2 0 0 1 0 0 0 1 0 0 0 1 0 1 0 0 1 0 1
1 113 1 1 0 0 2 0 2 0 1 1 0 1 0 0 1 0 1 0 1 0 0 0 1 1 0 1 0 0 0 0 0 0 2 0 0 1 0 1 0 0 2 0 0 0 1 0 1 0 1 0 2 0 2 0 1 0 1 1 0 0 0 0 2 0 1 1 0 1 0 0 2 0 0 0 0 1 0 0 0 0 2 0 1 1 0 1 0 0 0 0 0 1 0 0 0 0 2 0 2 0 0 0 2 0 0 1 0 0 2 0 1 1 0
1 115 1 0 0 0 0 0 1 0 2 0 1 0 0 0 2 0 1 0 2 0 2 0 1 0 0 0 0 0 1 1 0 0 1 0 0 1 0 0 0 1 0 0 0 0 1 1 0 0 0 0 0 0 2 0 2 0 0 0 0 1 0 0 1 0 1 0 1 0 0 1 0 0 0 0 1 0 1 0 2 0 0 0 1 0 1 0 0 0 1 1 0 0 1 0 2 0 0 0 1 0 1 0 2 0 0 1 0 0 0 0 1 0 0 1 0
1 115 2 0 0 0 0 1 0 0 1 1 0 0 2 0 1 0 0 0 2 0 1 1 0 0 1 0 0 1 0 1 0 0 2 0 1 0 2 0 0 0 1 1 0 1 0 1 0 0 0 0 1 0 1 0 1 0 1 0 1 0 2 0 1 0 2 0 2 0 1 0 1 1 0 1 0 0 0 0 1 0 1 0 2 0 2 0 0 1 0 1 0 1 0 0 1 0 1 1 0 0 0 0 1 0 2 0 1 1 0 0 2 0 1 0 1
0 117 1 0 0 0 1 0 1 1 0 0 0 0 0 0 0 1 0 0 2 0 1 0 0 1 0 0 2 0 1 1 0 1 0 0 1 0 0 0 1 0 2 0 0 0 0 1 0 0 1 1 0 1 0 0 0 0 0 0 0 0 0 0 2 0 0 0 2 0 2 0 0 0 1 0 0 0 1 1 0 1 0 0 0 0 2 0 1 1 0 0 0 1 0 0 2 0 1 1 0 1 0 0 0 1 0 0 2 0 1 0 0 0 1 0 0 0 0
0 117 2 0 0 1 0 0 0 1 0 0 0 0 0 0 1 1 0 0 0 1 0 1 0 0 0 0 1 0 1 0 0 0 2 0 1 0 0 1 0 0 1 0 1 0 1 1 0 0 0 0 0 0 1 1 0 0 0 0 0 0 1 0 0 0 2 0 1 0 1 0 1 0 2 0 1 0 0 0 0 0 2 0 0 0 1 0 0 1 0 0 1 1 0 0 1 0 1 0 0 0 2 0 0 1 0 0 0 1 0 0 1 0 2 0 0 0 0
0 119 1 0 0 0 2 0 2 0 0 0 1 1 0 0 0 1 0 1 0 0 1 1 0 0 1 1 0 0 2 0 2 0 1 0 0 1 0 0 2 0 2 0 1 1 0 0 0 1 0 0 0 0 0 1 0 1 0 0 0 0 0 0 2 0 1 0 1 0 0 0 0 0 0 0 1 1 0 0 1 0 1 0 0 0 1 0 2 0 1 0 2 0 2 0 2 0 1 0 2 0 1 0 0 0 2 0 2 0 0 0 2 0 2 0 0 0 1 0 0
0 119 2 0 1 0 1 0 1 0 1 1 0 1 0 0 1 1 0 1 0 0 0 0 0 0 0 0 0 0 1 0 1 1 0 1 0 0 0 0 1 0 2 0 0 1 0 0 1 0 1 1 0 0 1 1 0 0 1 1 0 0 1 0 0 1 0 1 0 0 1 0 0 0 0 1 0 1 0 0 2 0 2 0 0 1 0 0 2 0 0 0 2 0 2 0 2 0 0 0 1 1 0 0 2 0 1 0 1 0 2 0 1 0 1 0 1 0 2 0 0
0 121 1 0 1 0 0 0 0 0 0 0 1 0 0 1 0 0 0 0 0 0 1 1 0 0 0 0 0 0 0 1 0 0 1 0 0 0 1 1 0 1 0 0 1 0 2 0 2 0 1 1 0 1 0 1 0 1 0 1 0 1 0 0 2 0 1 1 0 0 2 0 1 0 0 0 1 1 0 1 0 0 1 0 1 1 0 0 0 0 0 0 2 0 1 0 2 0 1 0 2 0 0 0 0 0 1 0 0 0 0 0 2 0 0 0 0 0 0 0 1 0 1
1 121 2 0 2 0 0 0 0 0 0 0 2 0 1 0 1 1 0 0 0 1 0 1 0 0 0 0 0 0 1 0 2 0 1 0 1 0 0 0 0 0 2 0 2 0 1 0 2 0 1 0 0 1 0 1 0 1 0 1 0 1 0 0 1 0 1 0 0 0 0 1 0 0 2 0 0 0 0 0 2 0 1 1 0 1 0 0 0 0 1 0 1 0 0 0 2 0 0 0 1 0 1 0 0 0 2 0 0 0 1 0 0 0 1 0 0 0 0 1 0 0 0
1 123 1 0 1 0 1 0 1 0 0 0 1 0 1 0 0 0 0 1 0 0 1 1 0 0 1 1 0 0 0 1 0 0 1 1 0 1 0 0 1 0 1 0 1 0 2 0 0 0 1 1 0 1 0 0 0 1 0 1 0 1 0 0 2 0 1 0 2 0 0 0 1 1 0 0 0 0 1 0 1 0 1 0 1 0 0 0 1 1 0 0 2 0 2 0 1 0 0 0 1 0 2 0 2 0 1 0 0 0 1 0 2 0 0 0 2 0 0 0 1 0 1 1 0
1 123 2 0 2 0 2 0 2 0 0 0 2 0 2 0 0 0 1 0 2 0 2 0 2 0 2 0 2 0 0 1 0 0 0 0 0 0 2 0 1 1 0 0 0 0 1 0 2 0 0 0 0 0 2 0 0 1 0 1 0 1 0 0 1 0 0 0 1 0 1 1 0 1 0 0 0 0 2 0 2 0 2 0 2 0 1 0 0 0 0 0 1 0 1 1 0 0 1 1 0 0 2 0 1 1 0 0 1 1 0 0 1 0 2 0 0 0 1 1 0 0 0 1 0
0 125 1 0 1 0 2 0 2 0 1 0 2 0 1 0 1 0 1 1 0 0 2 0 2 0 2 0 2 0 1 0 2 0 1 1 0 0 1 0 1 0 0 1 0 0 0 1 0 0 1 0 1 0 1 0 0 1 0 0 0 1 0 0 2 0 1 0 0 1 0 0 1 0 0 0 2 0 0 0 1 0 2 0 2 0 1 1 0 0 1 0 0 1 0 0 1 0 0 0 0 0 0 0 1 0 0 1 0 1 0 1 0 1 0 0 1 0 1 1 0 1 0 0 1 0 1
1 126 1 0 0 0 0 2 0 2 0 0 0 2 0 0 0 0 0 1 0 0 0 1 0 2 0 2 0 2 0 0 0 2 0 0 1 0 0 2 0 2 0 1 0 2 0 0 0 2 0 1 0 2 0 2 0 1 0 2 0 0 1 0 0 0 1 0 0 2 0 2 0 1 0 1 0 0 0 1 1 0 0 2 0 2 0 0 1 0 0 2 0 1 0 2 0 1 0 0 0 0 0 0 0 2 0 1 1 0 1 0 1 0 0 2 0 2 0 0 0 0 0 2 0 1 1 0
1 127 1 0 2 0 0 0 1 0 1 0 2 0 0 0 1 0 0 0 2 0 0 1 0 0 2 0 2 0 1 0 2 0 0 1 0 0 0 0 1 0 2 0 0 0 1 0 2 0 1 0 0 0 2 0 2 0 0 0 1 0 2 0 2 0 0 1 0 0 1 0 1 1 0 1 0 0 2 0 0 0 0 0 1 0 1 1 0 0 0 0 1 0 0 0 1 1 0 0 1 0 0 0 1 0 1 0 1 0 0 1 0 1 0 0 1 0 1 0 1 0 1 0 1 0 0 1 0
1 128 1 0 0 1 0 1 1 0 0 0 0 1 0 1 0 2 0 1 0 0 1 0 0 0 0 1 0 2 0 0 0 1 0 2 0 1 1 0 1 0 0 1 0 1 1 0 0 1 1 0 0 2 0 1 0 1 0 1 1 0 0 2 0 1 0 2 0 2 0 2 0 0 0 0 1 0 0 0 0 1 0 0 1 0 0 0 1 0 0 0 0 2 0 0 1 0 1 0 0 2 0 0 0 2 0 2 0 2 0 1 1 0 0 2 0 1 0 2 0 2 0 2 0 2 0 1 0 1
0 129 1 0 2 0 1 1 0 1 0 0 0 1 0 0 0 0 1 1 0 0 2 0 1 1 0 1 0 0 1 0 1 1 0 0 2 0 1 0 0 0 2 0 2 0 0 0 0 0 0 0 0 0 1 0 0 0 0 0 1 0 0 0 1 0 0 0 2 0 2 0 1 0 1 0 1 0 1 1 0 0 2 0 1 0 2 0 0 0 2 0 0 0 0 1 0 0 0 1 0 0 0 0 2 0 1 0 2 0 2 0 1 0 0 0 1 0 0 0 2 0 2 0 2 0 2 0 0 0 0
0 130 1 0 0 2 0 1 0 0 0 2 0 0 0 2 0 0 0 0 0 0 0 1 0 1 0 0 0 2 0 2 0 0 0 0 0 0 1 0 0 2 0 1 0 1 0 1 0 0 0 0 0 0 0 2 0 0 0 0 0 2 0 0 0 2 0 1 0 1 0 2 0 0 0 0 0 0 0 1 0 0 0 1 0 0 0 1 0 2 0 0 0 1 0 1 0 2 0 0 0 2 0 0 0 1 0 0 0 2 0 1 1 0 0 1 0 2 0 1 0 1 0 2 0 2 0 1 0 1 0 0
0 131 1 1 0 0 0 1 0 0 2 0 0 0 2 0 0 0 1 0 0 0 0 0 2 0 2 0 1 0 1 0 1 0 1 0 0 0 1 1 0 0 0 1 0 1 0 1 0 0 1 0 0 0 1 0 0 0 1 0 1 0 0 0 2 0 1 0 0 0 0 0 1 0 1 0 0 0 0 0 2 0 0 0 2 0 0 1 0 0 1 0 1 1 0 0 0 0 1 0 2 0 0 0 1 0 2 0 1 0 1 0 0 1 0 1 0 0 2 0 0 0 0 0 2 0 1 1 0 1 0 0 1
1 132 1 0 1 0 0 1 1 0 0 0 0 2 0 0 0 1 0 2 0 0 0 1 0 1 0 1 1 0 1 0 1 0 1 0 0 1 1 0 1 0 0 1 1 0 1 0 0 2 0 1 0 0 0 2 0 0 0 2 0 2 0 1 0 0 1 0 0 1 0 0 0 2 0 2 0 0 0 1 0 0 0 2 0 0 0 2 0 2 0 1 1 0 1 0 0 0 1 0 0 1 0 1 1 0 0 1 1 0 1 0 1 0 0 0 1 0 0 0 0 1 0 1 0 1 0 1 0 0 0 2 0 1
0 133 1 1 0 0 2 0 2 0 2 0 0 0 0 0 1 1 0 0 1 0 1 1 0 0 0 0 1 0 0 1 0 1 0 1 0 0 0 0 0 1 0 0 0 0 0 1 0 0 0 1 0 0 2 0 0 0 2 0 1 0 1 1 0 0 2 0 2 0 1 0 1 0 1 0 1 0 1 0 2 0 1 0 0 0 2 0 1 0 2 0 1 0 0 0 2 0 0 0 2 0 2 0 0 0 0 0 0 0 0 1 0 0 2 0 0 0 1 1 0 0 2 0 2 0 2 0 2 0 1 0 1 0 0
0 135 1 0 0 0 0 0 1 0 2 0 1 0 1 0 0 1 0 1 0 1 0 0 0 1 0 0 0 0 2 0 1 1 0 1 0 0 1 1 0 0 1 0 1 1 0 0 1 0 2 0 0 1 0 0 0 0 2 0 1 0 0 0 1 0 0 0 1 0 2 0 0 0 0 0 0 0 0 0 0 0 1 1 0 0 2 0 1 0 0 0 1 1 0 0 2 0 0 0 2 0 1 0 1 0 1 0 0 0 0 0 1 1 0 0 0 0 2 0 0 0 0 0 1 0 2 0 2 0 1 1 0 1 0 0 1
1 135 2 0 0 0 0 1 0 0 1 1 0 1 0 1 0 0 0 1 0 0 2 0 0 0 2 0 0 0 1 0 1 0 0 0 2 0 2 0 2 0 1 1 0 1 0 1 0 0 1 0 2 0 2 0 0 0 0 1 0 0 1 0 2 0 0 1 0 0 1 0 1 0 0 0 0 0 0 0 1 0 0 0 0 0 0 1 0 0 2 0 0 0 0 0 0 0 2 0 0 1 0 1 0 1 0 0 1 0 0 1 0 1 0 0 1 0 0 0 1 0 0 1 0 0 2 0 2 0 1 0 0 0 2 0 1
0 137 1 0 0 0 1 0 1 1 0 0 0 0 0 1 0 0 2 0 0 1 0 0 0 0 2 0 0 0 1 0 2 0 2 0 1 0 1 0 2 0 2 0 1 0 0 1 0 0 2 0 2 0 1 0 1 0 1 0 1 0 2 0 2 0 0 0 2 0 2 0 1 0 2 0 0 0 0 0 0 0 2 0 0 0 0 0 1 1 0 0 0 0 1 0 0 0 1 0 0 1 0 0 0 1 0 0 2 0 1 0 1 1 0 0 2 0 1 0 0 0 2 0 1 1 0 0 1 0 1 1 0 0 2 0 1 0 0
0 137 2 0 0 1 0 0 0 1 0 0 0 0 1 1 0 0 0 0 2 0 2 0 0 0 0 0 1 1 0 0 2 0 2 0 0 0 0 0 2 0 1 1 0 1 0 0 0 0 1 0 2 0 0 0 0 0 0 0 0 0 2 0 1 0 2 0 1 0 2 0 0 0 1 0 1 0 0 0 1 0 0 0 1 0 0 1 0 1 0 0 0 0 2 0 0 0 2 0 1 0 2 0 0 1 0 0 1 0 0 0 1 0 0 0 0 1 0 0 2 0 1 0 0 1 0 1 0 0 1 0 0 0 0 1 0 0 1
1 139 1 0 0 0 2 0 2 0 0 0 1 1 0 1 0 1 0 0 1 0 1 0 1 0 1 0 1 0 0 0 0 0 1 0 1 0 1 0 1 0 1 0 1 0 0 0 1 1 0 1 0 0 1 0 1 0 0 0 0 0 1 0 1 0 0 0 2 0 0 0 1 0 1 0 2 0 2 0 0 0 2 0 0 0 2 0 1 1 0 0 2 0 0 0 0 0 2 0 1 0 0 0 1 0 2 0 2 0 1 0 0 0 2 0 0 0 1 1 0 0 0 1 0 1 0 0 0 0 2 0 1 0 0 0 1 0 2 0 1
0 139 2 0 1 0 1 0 1 0 2 0 0 0 0 1 0 0 2 0 1 0 2 0 2 0 2 0 2 0 0 0 0 0 2 0 2 0 2 0 2 0 2 0 2 0 1 0 0 0 0 0 2 0 1 0 2 0 0 0 0 0 2 0 2 0 1 0 0 0 1 1 0 0 0 0 2 0 1 0 2 0 0 0 2 0 1 0 1 0 0 0 0 0 1 0 1 0 0 1 0 0 1 1 0 0 2 0 1 1 0 0 2 0 0 0 1 1 0 1 0 0 1 1 0 0 2 0 0 0 0 1 0 0 1 1 0 0 2 0 0
0 141 1 0 1 0 0 0 0 0 0 0 1 0 1 0 1 1 0 0 1 0 0 0 2 0 2 0 2 0 1 0 1 0 1 0 1 0 2 0 2 0 2 0 2 0 1 1 0 0 1 0 1 0 1 0 0 0 1 0 1 0 1 0 1 0 1 1 0 0 1 1 0 1 0 0 1 0 1 0 0 0 1 0 2 0 0 1 0 1 0 0 1 0 0 0 2 0 2 0 1 1 0 0 0 0 0 0 1 0 1 0 0 0 0 0 2 0 0 0 0 1 0 0 0 0 0 0 0 0 1 0 1 1 0 0 0 0 0 0 0 0 1
1 141 2 0 2 0 0 0 0 0 0 1 0 0 0 0 0 1 0 0 2 0 1 0 1 0 2 0 2 0 0 0 0 0 0 0 0 0 2 0 2 0 2 0 2 0 0 1 0 0 2 0 2 0 2 0 0 1 0 0 0 0 0 0 0 0 1 0 0 0 0 0 0 0 2 0 1 0 2 0 0 1 0 0 1 1 0 0 0 0 2 0 1 0 1 0 1 0 2 0 0 1 0 0 0 0 0 0 2 0 2 0 0 0 1 0 0 0 1 0 1 0 1 1 0 0 0 0 0 1 0 0 0 1 0 0 0 0 0 0 0 1 0
0 143 1 0 1 0 1 0 1 0 0 0 1 0 1 1 0 0 1 1 0 0 1 0 0 0 0 0 2 0 1 0 1 0 0 0 0 0 1 0 1 0 2 0 2 0 1 1 0 0 0 0 1 0 2 0 1 0 2 0 1 1 0 0 0 0 0 0 2 0 0 0 0 0 1 0 1 0 0 0 1 0 2 0 2 0 2 0 2 0 0 0 1 0 0 0 0 0 0 0 1 0 2 0 1 1 0 0 1 0 1 0 1 0 1 0 2 0 0 1 0 0 0 0 0 1 0 0 0 0 1 0 2 0 0 0 1 1 0 0 0 0 1 0 1
1 143 2 0 2 0 2 0 2 0 0 1 0 0 0 1 0 1 0 1 0 0 2 0 0 0 1 0 0 1 0 1 0 0 1 0 0 1 0 0 0 0 2 0 2 0 0 1 0 0 0 1 0 0 2 0 0 0 2 0 0 1 0 0 0 0 1 0 0 0 1 0 0 0 2 0 2 0 0 1 0 0 2 0 2 0 2 0 1 0 1 0 2 0 0 0 0 0 0 1 0 0 2 0 0 1 0 1 0 0 0 0 0 0 0 0 1 0 2 0 1 1 0 0 1 0 1 1 0 1 0 0 1 0 1 1 0 1 0 0 0 1 0 0 0
1 145 1 0 1 0 2 0 2 0 1 0 2 0 2 0 0 1 0 1 0 1 0 0 0 0 1 0 2 0 1 1 0 0 2 0 1 0 1 0 2 0 0 0 1 0 1 0 2 0 2 0 0 1 0 0 0 0 2 0 0 0 2 0 1 1 0 0 2 0 0 0 2 0 1 0 1 0 1 1 0 0 0 0 1 0 2 0 2 0 0 0 0 0 1 0 1 0 0 0 1 1 0 0 0 1 0 0 0 0 1 1 0 0 0 0 0 1 0 0 2 0 0 1 0 1 0 0 1 0 0 0 2 0 2 0 0 0 0 0 2 0 0 0 1 1 0
1 146 1 0 0 0 0 2 0 2 0 0 0 2 0 1 1 0 0 0 1 0 0 1 1 0 1 0 0 2 0 1 0 0 0 1 0 0 0 0 0 1 0 1 1 0 0 0 0 2 0 1 0 2 0 2 0 0 0 0 0 2 0 1 0 1 0 0 0 0 0 2 0 1 0 0 0 0 0 0 1 0 0 0 1 0 0 2 0 1 0 1 0 0 0 2 0 2 0 0 1 0 1 0 0 1 0 1 1 0 1 0 1 0 0 0 0 1 1 0 0 0 1 0 0 0 0 2 0 1 0 1 0 1 0 1 0 1 0 1 0 0 0 1 1 0 1 0
0 147 1 0 2 0 0 0 1 0 1 0 2 0 1 0 0 1 0 0 1 1 0 0 0 0 0 1 0 0 0 1 0 0 1 0 2 0 0 0 0 1 0 0 0 1 0 0 1 0 1 0 0 0 2 0 1 0 1 0 1 0 0 1 0 1 0 0 1 0 1 0 0 1 0 0 1 0 0 0 1 0 2 0 0 1 0 0 0 1 0 1 0 0 2 0 1 0 1 1 0 0 0 0 2 0 2 0 0 0 0 1 0 0 1 1 0 1 0 1 0 0 1 0 2 0 0 0 0 1 0 1 0 1 0 1 0 1 0 1 0 0 2 0 0 0 0 0 1
1 148 1 0 0 1 0 1 1 0 0 0 0 1 1 0 0 2 0 2 0 2 0 1 1 0 0 1 0 2 0 0 0 2 0 2 0 0 0 1 0 1 0 2 0 0 0 2 0 1 0 2 0 1 0 0 1 0 1 0 1 0 1 0 0 0 0 2 0 1 0 2 0 1 0 2 0 1 0 0 1 0 0 1 0 2 0 2 0 0 1 0 1 0 0 1 0 0 0 0 1 0 0 1 0 1 0 1 0 1 0 1 1 0 0 0 0 0 1 0 0 2 0 2 0 0 0 1 0 1 1 0 1 0 1 0 1 0 1 0 1 0 0 0 0 1 0 0 1 0
1 149 1 0 2 0 1 1 0 1 0 0 1 0 0 0 0 0 1 0 2 0 2 0 0 1 0 1 0 0 1 0 2 0 1 0 1 0 1 1 0 0 0 0 1 0 2 0 1 0 0 0 1 1 0 1 0 0 0 1 0 1 0 0 2 0 0 0 1 0 0 0 2 0 0 0 1 1 0 0 2 0 2 0 2 0 1 0 1 1 0 0 0 0 2 0 1 0 0 0 1 0 2 0 1 1 0 0 0 0 0 0 0 1 0 0 0 0 1 1 0 0 1 0 1 0 1 1 0 0 1 0 0 1 0 1 0 1 0 1 0 0 1 1 0 0 2 0 1 0 1
0 150 1 0 0 2 0 1 0 0 0 2 0 1 0 0 0 0 1 0 0 2 0 1 1 0 0 0 0 2 0 2 0 1 0 0 0 0 0 0 1 0 0 0 1 0 0 1 1 0 0 2 0 0 0 0 0 2 0 0 1 0 1 0 0 0 0 1 0 2 0 1 0 0 0 2 0 0 0 0 0 1 0 2 0 2 0 0 0 0 1 0 0 1 0 0 1 0 0 1 1 0 0 2 0 0 1 0 0 0 0 0 0 1 0 1 1 0 1 0 1 0 1 0 0 0 0 0 1 0 0 2 0 1 1 0 1 0 1 0 1 0 0 0 0 0 0 1 0 0 0 0
0 151 1 1 0 0 0 1 0 0 2 0 0 1 0 0 1 0 1 1 0 0 1 0 0 1 0 0 1 0 1 0 1 1 0 0 1 0 0 0 1 0 2 0 0 1 0 0 0 0 0 0 0 0 1 0 1 0 0 1 0 0 0 0 1 1 0 1 0 0 1 1 0 0 2 0 0 0 1 0 0 1 0 0 2 0 1 0 1 0 1 0 2 0 1 0 1 1 0 0 0 0 0 0 0 0 2 0 1 1 0 0 0 1 0 0 1 0 0 1 0 1 0 0 1 1 0 0 1 1 0 0 1 0 1 0 0 1 0 1 0 0 1 1 0 0 0 0 2 0 0 0 0
0 152 1 0 1 0 0 1 1 0 0 0 0 2 0 2 0 1 1 0 1 0 0 2 0 1 0 2 0 1 1 0 0 0 1 0 0 2 0 0 1 0 0 1 0 2 0 1 1 0 0 0 0 0 0 2 0 2 0 1 0 2 0 0 0 0 0 0 1 0 0 0 0 0 0 0 0 1 0 2 0 1 1 0 0 1 0 0 0 0 0 0 0 2 0 0 0 0 1 0 0 0 0 0 0 1 0 1 0 0 1 0 0 1 0 2 0 1 0 1 1 0 0 2 0 2 0 2 0 2 0 2 0 1 0 2 0 1 1 0 0 2 0 2 0 2 0 0 0 0 0 1 0 0
0 153 1 1 0 0 2 0 2 0 2 0 0 0 1 0 2 0 1 0 0 1 0 0 1 0 0 0 2 0 0 1 0 0 1 1 0 0 0 0 2 0 2 0 2 0 1 0 0 1 0 0 0 0 1 0 1 0 2 0 0 0 1 0 1 0 0 0 1 0 1 1 0 0 0 0 0 1 0 0 2 0 0 1 0 0 2 0 0 0 0 0 1 0 0 0 1 0 1 0 1 1 0 0 0 0 2 0 2 0 1 0 2 0 2 0 1 0 0 0 1 0 0 0 1 0 2 0 2 0 2 0 2 0 0 0 2 0 1 0 0 0 1 0 2 0 1 0 1 0 0 0 2 0 0
0 155 1 0 0 0 0 0 1 0 2 0 1 0 1 1 0 0 1 1 0 0 2 0 2 0 1 0 1 0 0 0 2 0 2 0 2 0 2 0 0 0 1 0 2 0 1 1 0 0 2 0 1 1 0 1 0 0 0 0 1 0 1 0 2 0 2 0 0 1 0 0 0 1 0 0 0 0 1 1 0 0 0 1 0 0 0 0 0 0 1 0 0 0 2 0 0 1 0 0 0 0 0 1 0 0 1 0 1 0 2 0 0 0 2 0 1 1 0 0 1 0 2 0 0 1 0 0 2 0 2 0 2 0 1 0 2 0 0 1 0 0 1 1 0 0 1 1 0 1 0 0 2 0 0 0 1
1 155 2 0 0 0 0 1 0 0 2 0 0 0 1 0 0 0 0 0 0 0 1 0 1 1 0 1 0 0 2 0 1 0 2 0 2 0 1 0 1 1 0 0 2 0 1 0 0 0 1 0 1 0 0 0 1 1 0 1 0 0 0 0 2 0 1 0 2 0 2 0 0 0 1 1 0 1 0 1 0 0 1 0 1 1 0 0 0 0 2 0 1 0 0 0 2 0 1 1 0 0 1 0 2 0 1 1 0 0 1 0 2 0 1 0 0 1 0 1 0 0 1 1 0 0 0 0 1 0 2 0 2 0 0 0 1 1 0 0 0 0 0 0 0 0 0 0 0 1 0 0 0 0 1 1 0
1 157 1 0 0 0 1 0 1 1 0 0 0 0 1 0 2 0 0 0 0 0 0 1 0 0 1 0 0 1 0 0 1 0 0 0 2 0 2 0 0 0 1 0 0 0 0 1 0 0 1 0 2 0 2 0 1 0 0 0 0 0 2 0 0 0 1 0 0 0 2 0 1 0 2 0 0 0 0 1 0 0 2 0 1 1 0 1 0 0 1 0 0 1 0 0 2 0 1 0 0 1 0 1 0 0 2 0 0 1 0 1 0 0 1 1 0 1 0 0 0 0 2 0 2 0 1 1 0 1 0 0 2 0 1 0 1 1 0 1 0 0 0 0 0 0 0 0 0 0 1 0 1 1 0 1 0 1 0
0 157 2 0 0 1 0 0 0 1 0 0 0 1 0 0 1 0 1 0 0 0 1 0 2 0 1 0 1 0 2 0 1 0 1 0 1 0 1 0 1 0 2 0 0 0 1 0 2 0 2 0 1 0 1 1 0 0 1 0 1 0 0 0 1 0 2 0 1 0 1 0 0 0 1 0 1 0 1 1 0 0 1 0 1 0 0 0 2 0 1 0 1 1 0 0 0 1 0 1 0 0 0 1 0 0 0 1 0 0 0 1 0 0 0 0 0 0 2 0 0 0 1 0 2 0 1 0 0 1 0 0 1 0 0 0 1 0 0 0 1 1 0 0 0 0 0 0 0 1 0 0 1 0 0 1 0 0 1
1 159 1 0 0 0 2 0 2 0 0 0 2 0 0 0 2 0 1 0 2 0 0 1 0 0 2 0 0 0 0 0 2 0 0 0 0 0 0 0 0 0 0 0 1 0 1 1 0 0 2 0 2 0 0 0 0 1 0 0 2 0 2 0 0 1 0 0 1 1 0 1 0 0 1 1 0 0 0 0 0 1 0 0 2 0 2 0 1 0 1 0 0 0 0 1 0 0 1 1 0 0 2 0 0 0 2 0 0 0 2 0 0 0 1 1 0 0 1 0 0 0 1 1 0 0 1 1 0 0 2 0 2 0 1 0 0 0 2 0 0 1 0 1 0 0 0 0 0 0 1 0 2 0 1 0 1 0 2 0 1
0 159 2 0 1 0 1 0 1 0 2 0 0 0 2 0 1 0 0 0 1 1 0 0 0 0 0 0 1 0 1 0 0 0 1 0 0 0 0 0 0 0 0 1 0 0 1 0 0 0 1 0 1 0 1 0 1 1 0 0 1 0 1 1 0 0 0 0 0 0 0 0 2 0 2 0 1 1 0 0 1 1 0 0 1 0 1 1 0 1 0 0 1 0 1 1 0 0 0 0 0 0 0 0 2 0 0 0 2 0 0 0 1 1 0 1 0 0 2 0 1 0 0 0 0 0 0 0 0 0 1 0 1 1 0 0 2 0 0 1 0 0 0 0 1 1 0 0 0 1 0 0 2 0 0 0 0 0 2 0 0
0 161 1 0 1 0 0 0 0 0 0 0 1 0 2 0 0 1 0 0 1 1 0 1 0 0 0 0 0 0 2 0 2 0 0 0 2 0 0 0 0 0 0 0 1 0 2 0 1 0 0 1 0 0 0 0 0 0 0 1 0 1 0 0 0 1 0 0 0 0 0 0 1 0 1 0 2 0 0 1 0 1 0 1 0 1 0 0 1 0 0 0 2 0 1 1 0 1 0 0 0 0 0 0 1 0 0 0 2 0 0 0 2 0 0 0 0 1 0 0 0 1 0 0 1 0 0 0 0 0 0 1 0 0 1 0 0 0 0 0 2 0 1 1 0 1 0 1 0 0 1 1 0 0 0 0 1 0 1 0 0 0 1
1 161 2 0 2 0 0 0 0 0 0 1 0 0 1 1 0 0 0 0 0 0 0 0 1 1 0 0 1 0 1 0 1 0 2 0 0 0 1 0 0 0 0 1 0 0 1 1 0 0 2 0 1 1 0 0 0 0 1 1 0 0 2 0 0 0 1 1 0 0 0 1 0 0 0 0 1 1 0 0 0 1 0 1 0 0 2 0 1 0 1 0 1 0 1 0 0 0 1 1 0 0 0 0 2 0 1 0 0 0 2 0 0 0 1 0 1 0 2 0 0 0 2 0 1 0 0 0 0 0 1 0 2 0 1 0 0 0 1 0 1 0 1 0 0 1 0 0 2 0 2 0 1 1 0 0 2 0 2 0 0 1 0
1 163 1 0 1 0 1 0 1 0 0 0 1 0 2 0 2 0 1 1 0 0 0 0 0 1 0 1 0 1 0 0 0 0 0 0 1 0 1 0 2 0 0 0 1 1 0 0 0 0 0 0 1 0 0 1 0 0 1 0 0 0 0 0 0 0 1 1 0 1 0 0 1 0 1 1 0 1 0 1 0 0 1 1 0 1 0 0 0 1 0 1 0 1 0 1 0 0 1 1 0 1 0 0 1 0 0 1 0 0 2 0 0 0 1 1 0 0 0 0 1 0 2 0 0 1 0 0 1 0 0 1 0 0 1 1 0 0 1 0 2 0 2 0 2 0 1 1 0 0 1 0 2 0 1 0 0 0 1 0 1 0 2 0 1
0 163 2 0 2 0 2 0 2 0 0 1 0 0 2 0 2 0 0 1 0 0 0 0 1 1 0 1 0 0 1 1 0 0 0 1 0 0 0 0 1 0 1 1 0 1 0 0 0 0 0 0 2 0 1 0 2 0 1 0 0 0 0 0 1 0 0 0 0 0 2 0 2 0 0 0 0 1 0 1 0 0 0 0 0 0 2 0 0 1 0 1 0 1 0 1 0 0 0 0 0 0 2 0 1 0 1 1 0 0 0 0 1 1 0 1 0 0 0 1 0 0 1 0 2 0 2 0 1 0 1 0 2 0 2 0 2 0 2 0 1 0 2 0 2 0 0 1 0 1 0 0 1 1 0 0 1 1 0 0 0 0 2 0 0
0 165 1 0 1 0 2 0 2 0 1 1 0 0 0 0 1 0 1 0 2 0 2 0 0 0 0 0 0 0 2 0 2 0 2 0 0 0 1 1 0 1 0 0 1 0 0 0 1 1 0 0 1 0 1 0 0 0 1 1 0 0 1 0 0 0 2 0 0 0 1 0 1 0 1 0 1 0 1 1 0 0 1 1 0 0 1 0 0 1 0 0 0 1 0 1 0 0 1 1 0 0 1 0 1 0 0 0 0 1 0 0 1 0 0 0 0 0 2 0 0 0 2 0 2 0 1 0 2 0 0 0 0 0 2 0 2 0 2 0 2 0 0 0 2 0 1 1 0 0 0 0 2 0 2 0 2 0 2 0 2 0 0 0 0 0 1
1 166 1 0 0 0 0 2 0 2 0 0 1 0 0 0 1 0 0 0 0 2 0 1 0 1 0 0 0 1 0 1 0 2 0 1 0 2 0 0 0 0 0 2 0 1 0 0 1 0 1 0 0 2 0 2 0 0 1 0 1 0 0 2 0 1 0 0 0 1 1 0 0 0 0 0 0 0 0 0 1 0 1 0 1 0 0 2 0 1 0 2 0 0 1 0 0 2 0 2 0 2 0 1 0 2 0 0 0 1 0 2 0 1 0 0 0 1 0 0 0 2 0 1 0 2 0 0 0 1 0 1 0 1 0 1 0 2 0 2 0 1 0 2 0 1 0 0 1 0 0 1 0 1 0 2 0 2 0 2 0 1 0 1 0 0 1 0
1 167 1 0 2 0 0 0 1 0 1 0 2 0 2 0 0 0 2 0 0 0 0 1 0 1 0 0 1 1 0 0 0 0 2 0 0 0 1 0 1 0 1 0 0 1 0 1 0 0 0 1 0 0 1 0 1 1 0 0 0 1 0 0 0 1 0 0 1 1 0 1 0 0 0 0 0 0 0 0 1 1 0 1 0 1 0 0 1 0 0 0 1 1 0 0 0 0 1 0 2 0 2 0 0 0 1 0 1 1 0 0 1 1 0 0 1 0 2 0 1 0 1 0 0 0 1 0 1 1 0 0 0 0 0 0 0 0 2 0 2 0 0 0 1 1 0 0 2 0 2 0 1 1 0 0 2 0 2 0 1 1 0 1 0 0 2 0 1
0 168 1 0 0 1 0 1 1 0 0 0 0 2 0 1 0 2 0 0 0 1 0 1 1 0 0 2 0 2 0 2 0 0 0 0 0 1 0 2 0 2 0 2 0 1 1 0 0 2 0 0 0 2 0 1 1 0 1 0 0 1 0 2 0 0 1 0 0 0 0 0 0 1 1 0 0 0 0 1 0 0 0 0 1 0 0 2 0 1 0 0 1 0 1 0 0 0 1 0 0 2 0 1 0 1 1 0 0 0 1 0 1 0 1 0 1 0 0 1 1 0 1 0 0 1 1 0 0 0 1 0 0 0 0 0 0 1 0 1 0 1 0 2 0 0 0 0 0 1 0 2 0 1 0 0 0 1 0 2 0 1 0 0 1 0 0 1 0 0
0 169 1 0 2 0 1 1 0 1 0 0 1 0 1 0 0 0 1 0 1 1 0 0 1 0 0 0 1 0 2 0 1 0 1 0 0 1 0 0 2 0 2 0 2 0 1 0 0 0 0 0 2 0 1 0 1 0 0 0 2 0 2 0 0 0 2 0 1 1 0 0 0 1 0 1 0 0 0 0 2 0 0 0 1 1 0 0 0 1 0 1 0 0 0 0 2 0 0 1 0 0 1 0 0 0 0 1 0 0 1 1 0 1 0 1 0 1 0 0 0 0 0 0 2 0 2 0 2 0 0 0 1 1 0 0 0 1 0 0 0 0 0 0 1 0 1 0 0 1 0 0 1 1 0 0 1 1 0 0 1 1 0 0 2 0 2 0 1 0 0
0 170 1 0 0 2 0 1 0 0 0 2 0 1 0 2 0 0 1 0 0 0 1 0 0 2 0 0 1 0 0 1 1 0 1 0 1 0 0 0 0 1 0 2 0 1 1 0 0 1 0 1 0 0 1 0 1 0 0 2 0 1 0 1 0 2 0 1 0 0 1 0 0 1 1 0 0 2 0 0 0 0 0 1 1 0 1 0 0 1 1 0 0 2 0 0 0 0 0 2 0 2 0 1 0 0 0 1 1 0 0 0 0 0 1 0 1 0 0 1 1 0 0 1 0 1 0 2 0 1 0 1 1 0 1 0 0 1 0 1 1 0 0 0 0 2 0 2 0 1 1 0 0 0 0 0 0 0 0 0 0 0 0 0 0 1 0 1 1 0 0 1
1 171 1 1 0 0 0 1 0 0 2 0 1 0 0 0 1 0 2 0 2 0 0 1 0 0 0 1 0 0 0 0 0 0 0 1 0 0 1 1 0 1 0 0 2 0 0 1 0 0 2 0 2 0 1 1 0 1 0 0 1 0 0 0 0 0 1 1 0 1 0 0 0 0 0 0 0 0 0 0 1 0 1 0 0 0 0 1 0 0 0 0 0 0 0 0 1 0 1 0 1 0 1 1 0 0 1 1 0 1 0 0 0 0 1 1 0 0 2 0 2 0 2 0 1 1 0 0 2 0 0 0 1 0 0 0 2 0 1 1 0 1 0 0 1 0 1 0 2 0 0 1 0 0 0 0 0 0 0 0 0 0 0 0 0 1 0 0 0 1 0 1 0
0 172 1 0 1 0 0 1 1 0 0 0 1 0 0 1 1 0 0 2 0 1 0 2 0 2 0 0 0 1 1 0 0 0 0 1 1 0 0 0 0 0 1 0 0 0 1 0 0 0 0 1 0 2 0 1 0 0 0 2 0 1 0 0 0 1 0 0 0 0 0 1 1 0 0 0 0 0 0 0 0 2 0 2 0 0 0 1 0 1 1 0 0 0 0 0 1 0 0 0 0 0 0 1 0 0 0 0 0 0 0 2 0 0 0 0 0 0 0 1 0 2 0 2 0 1 0 0 0 0 0 1 0 2 0 1 0 1 0 1 0 0 0 2 0 1 1 0 0 1 0 2 0 1 1 0 0 0 0 0 0 0 0 0 0 1 0 2 0 0 1 0 0 1
1 173 1 1 0 0 2 0 2 0 2 0 0 1 0 0 0 0 0 0 1 0 0 0 2 0 1 0 1 1 0 1 0 0 0 1 0 1 0 0 0 0 1 0 2 0 0 0 1 1 0 1 0 0 1 1 0 0 2 0 0 1 0 0 1 0 2 0 0 0 0 1 0 1 0 0 0 0 0 0 1 0 1 0 1 0 1 1 0 0 0 1 0 0 0 0 1 0 1 1 0 0 0 0 2 0 0 0 0 0 1 0 0 0 1 0 0 0 0 1 0 0 2 0 1 1 0 0 1 0 0 1 0 0 1 1 0 1 0 1 0 0 2 0 1 0 0 1 0 1 0 0 2 0 0 1 0 0 0 0 0 0 0 0 0 1 0 0 1 0 2 0 2 0 1
0 175 1 0 0 0 0 0 1 0 2 0 1 0 2 0 1 1 0 0 0 0 2 0 1 0 1 0 0 0 1 0 0 0 2 0 0 1 0 0 1 1 0 1 0 0 1 0 2 0 0 0 0 1 0 0 0 0 0 0 0 0 2 0 2 0 2 0 0 0 1 0 1 1 0 0 1 1 0 0 0 1 0 0 0 0 0 0 0 1 0 0 1 0 1 1 0 1 0 0 0 1 0 0 1 0 0 0 1 0 0 0 2 0 0 0 2 0 0 0 1 1 0 0 1 0 0 1 0 0 2 0 1 1 0 0 0 0 0 1 0 1 0 0 0 1 0 1 0 0 0 1 0 0 0 0 2 0 1 1 0 0 0 0 0 0 1 0 2 0 2 0 1 0 2 0 0
0 175 2 0 0 0 0 1 0 0 2 0 0 0 2 0 0 1 0 0 1 0 0 1 0 1 0 0 1 0 2 0 1 0 0 1 0 0 0 0 0 0 0 0 2 0 2 0 0 0 1 0 1 0 1 1 0 0 0 0 1 0 1 0 2 0 1 0 1 1 0 0 0 1 0 1 0 1 0 0 1 0 1 1 0 0 0 0 1 0 2 0 2 0 0 0 0 0 2 0 0 0 2 0 1 0 0 0 2 0 1 0 0 0 2 0 0 0 1 1 0 1 0 0 2 0 1 1 0 0 1 0 0 1 0 0 0 0 1 1 0 0 2 0 0 1 0 0 2 0 0 0 2 0 0 0 1 0 0 1 0 0 0 0 0 1 0 0 2 0 2 0 0 0 1 0 1
1 177 1 0 0 0 1 0 1 1 0 0 0 0 2 0 0 0 2 0 2 0 1 0 1 1 0 0 2 0 2 0 0 1 0 0 2 0 1 1 0 0 0 0 1 0 1 0 1 0 1 1 0 0 0 0 0 1 0 0 0 1 0 0 0 0 2 0 0 0 0 1 0 0 1 1 0 1 0 0 2 0 1 1 0 1 0 0 0 1 0 0 2 0 1 0 1 0 1 0 0 0 2 0 0 1 0 0 2 0 0 1 0 0 2 0 0 0 2 0 0 0 0 1 0 0 1 0 0 1 0 0 2 0 1 0 2 0 0 0 0 0 0 0 0 1 0 0 0 0 0 0 2 0 0 0 1 0 2 0 1 0 1 1 0 0 1 1 0 0 1 0 1 0 1 1 0 0 0
1 177 2 0 0 1 0 0 0 1 0 0 1 0 0 0 2 0 1 0 2 0 0 0 1 0 0 0 1 0 1 1 0 0 0 0 1 0 0 1 0 0 0 1 0 0 0 0 0 0 0 1 0 0 0 0 1 0 2 0 0 0 2 0 0 0 0 0 1 0 1 1 0 0 0 0 0 1 0 0 1 0 1 0 0 0 2 0 0 1 0 0 0 1 0 1 0 1 0 0 2 0 0 1 0 0 0 0 0 1 0 0 0 0 0 0 2 0 0 0 1 0 1 0 2 0 1 0 1 1 0 0 1 0 0 0 1 0 1 0 0 0 0 0 1 0 1 1 0 0 1 0 0 0 1 1 0 0 2 0 0 0 0 1 0 1 0 1 0 1 0 0 0 0 0 1 0 0 0
1 179 1 0 0 0 2 0 2 0 0 0 2 0 1 0 1 0 1 0 0 0 1 0 1 0 2 0 0 1 0 0 0 1 0 0 0 0 2 0 1 0 2 0 0 0 1 1 0 0 0 0 1 0 1 1 0 1 0 0 1 0 2 0 0 0 1 0 0 1 0 0 0 1 0 0 0 0 1 0 2 0 1 0 2 0 1 0 0 0 2 0 2 0 0 1 0 1 0 1 0 0 0 0 2 0 1 1 0 0 1 0 1 1 0 0 1 0 0 0 1 1 0 0 0 0 2 0 0 0 0 1 0 0 2 0 0 0 2 0 2 0 0 0 0 1 0 0 0 1 0 0 2 0 1 0 0 0 0 0 0 0 1 0 1 1 0 1 0 1 0 0 1 1 0 0 1 0 1 1 0
1 179 2 0 1 0 1 0 1 0 2 0 0 1 0 1 0 1 0 0 1 1 0 0 0 0 1 0 2 0 2 0 0 0 2 0 0 0 1 0 0 0 1 0 1 1 0 1 0 0 0 1 0 0 1 0 0 0 2 0 2 0 0 0 1 0 2 0 1 0 2 0 0 0 1 1 0 1 0 0 2 0 0 0 1 1 0 0 2 0 1 0 1 1 0 0 0 1 0 0 2 0 0 0 1 0 0 1 0 1 0 0 0 1 0 0 2 0 0 1 0 1 0 0 1 0 0 0 1 0 1 1 0 0 0 0 2 0 1 0 1 0 1 0 1 0 2 0 0 1 0 0 0 1 0 0 1 0 0 0 0 1 0 0 1 0 0 1 0 0 2 0 2 0 2 0 1 1 0 1 0
0 181 1 0 1 0 0 0 0 0 0 0 1 1 0 0 0 1 0 0 2 0 2 0 1 1 0 1 0 0 2 0 1 0 2 0 0 0 1 0 2 0 0 1 0 0 1 0 0 0 2 0 0 0 2 0 1 0 1 0 1 0 1 0 1 1 0 0 2 0 0 0 1 0 2 0 0 0 0 1 0 0 0 0 2 0 0 0 0 0 1 0 0 0 0 1 0 0 1 1 0 0 0 0 1 0 2 0 1 1 0 0 2 0 0 1 0 0 0 1 0 0 0 0 2 0 1 0 0 1 0 0 0 1 0 0 1 0 1 0 0 0 0 0 0 0 0 0 1 0 2 0 2 0 0 0 2 0 1 0 0 0 1 0 2 0 1 0 1 1 0 0 1 0 2 0 2 0 1 0 0 0 1
1 181 2 0 2 0 0 0 0 0 0 1 0 1 0 0 1 1 0 0 1 0 2 0 1 0 0 1 0 0 1 0 0 0 1 0 1 1 0 0 1 0 2 0 2 0 1 0 1 0 0 0 2 0 1 0 0 0 0 0 0 0 0 0 1 0 0 0 0 0 1 1 0 0 1 0 1 0 1 0 2 0 0 0 0 0 1 0 0 0 2 0 0 0 1 0 2 0 2 0 1 1 0 1 0 0 2 0 1 0 0 0 0 0 2 0 2 0 0 0 2 0 0 0 0 1 0 0 2 0 2 0 0 0 2 0 1 0 2 0 0 0 0 0 0 0 0 1 0 0 2 0 1 0 2 0 0 1 0 0 1 1 0 0 2 0 0 0 0 1 0 1 0 0 2 0 1 1 0 0 1 1 0
1 183 1 0 1 0 1 0 1 0 0 0 1 1 0 0 2 0 2 0 2 0 2 0 0 1 0 0 2 0 2 0 1 0 0 1 0 0 0 1 0 1 0 0 2 0 1 1 0 1 0 0 2 0 0 1 0 0 1 0 0 0 0 0 0 0 2 0 0 0 0 1 0 1 0 1 0 0 0 0 0 0 1 0 1 0 0 0 2 0 1 0 0 0 1 1 0 0 2 0 2 0 1 0 0 1 0 0 0 1 0 0 1 0 1 0 1 0 1 0 2 0 0 0 1 0 1 1 0 0 1 0 1 0 2 0 1 0 0 0 1 0 1 0 0 0 0 0 1 1 0 0 1 0 0 0 1 1 0 0 0 0 0 0 0 0 0 0 1 0 1 1 0 1 0 0 1 0 0 1 0 1 0 1 0
0 183 2 0 2 0 2 0 2 0 1 0 0 0 0 0 1 0 2 0 2 0 1 1 0 0 0 0 1 0 1 1 0 0 2 0 2 0 0 1 0 1 0 0 1 0 1 0 0 1 0 0 0 0 2 0 2 0 1 0 0 0 0 0 1 0 0 0 1 0 1 1 0 1 0 0 1 1 0 0 0 0 2 0 2 0 1 0 0 1 0 0 2 0 0 0 0 0 1 0 1 1 0 0 2 0 2 0 0 0 2 0 1 1 0 0 0 0 0 0 1 0 1 1 0 0 0 1 0 1 0 0 0 0 1 1 0 0 1 0 2 0 2 0 0 0 0 1 0 1 0 0 2 0 0 1 0 1 0 0 0 0 0 0 0 0 0 1 0 0 1 0 0 0 2 0 1 0 1 1 0 1 0 0 1
1 185 1 0 1 0 2 0 2 0 1 1 0 0 1 0 0 1 0 0 2 0 2 0 0 1 0 0 0 1 0 0 1 0 0 0 1 0 1 1 0 0 0 0 2 0 1 0 2 0 1 0 2 0 0 0 1 0 1 1 0 0 1 0 0 0 2 0 0 1 0 0 1 0 0 0 2 0 2 0 2 0 0 0 1 0 1 1 0 1 0 0 0 0 0 0 1 0 0 1 0 0 1 0 0 0 1 0 1 0 2 0 1 0 0 1 0 0 0 0 0 1 0 0 0 1 0 0 1 1 0 0 1 1 0 1 0 1 0 1 0 0 2 0 1 0 1 0 1 1 0 1 0 0 0 1 0 0 0 0 1 1 0 0 0 0 0 0 1 0 2 0 1 0 1 0 1 0 0 0 1 0 0 0 2 0 1
0 186 1 0 0 0 0 2 0 2 0 0 1 0 0 2 0 1 1 0 0 1 0 1 0 2 0 2 0 0 0 2 0 1 0 0 1 0 0 0 1 0 0 1 0 1 0 0 0 2 0 0 0 1 0 1 1 0 0 0 1 0 0 2 0 1 0 0 0 2 0 2 0 1 0 1 0 1 0 2 0 1 0 1 1 0 0 1 0 0 0 1 1 0 0 0 0 2 0 1 0 2 0 1 0 0 1 0 0 0 0 1 1 0 0 2 0 1 1 0 0 1 0 2 0 0 1 0 0 0 0 0 0 0 0 0 1 0 1 0 1 0 0 1 0 0 0 0 0 1 0 0 0 2 0 0 0 1 1 0 1 0 1 0 0 0 0 0 1 0 0 1 1 0 1 0 1 0 0 1 0 2 0 1 0 1 0 0
0 187 1 0 2 0 0 0 1 0 1 1 0 0 0 0 1 0 0 1 0 1 0 0 0 0 2 0 1 0 2 0 0 1 0 0 2 0 2 0 0 0 2 0 1 0 2 0 1 0 0 0 1 1 0 0 0 1 0 0 1 1 0 0 0 1 0 0 2 0 1 0 2 0 0 0 0 0 0 0 2 0 0 0 0 1 0 0 2 0 0 1 0 1 0 0 1 0 1 0 0 0 1 1 0 0 2 0 2 0 0 0 0 0 0 0 1 0 0 1 0 1 0 0 1 0 2 0 1 1 0 0 0 0 0 0 1 1 0 1 0 0 2 0 1 0 0 0 0 0 2 0 1 0 0 0 2 0 0 0 0 1 0 0 1 1 0 0 1 1 0 0 0 0 0 1 0 0 2 0 2 0 0 1 0 1 0 0 1
1 188 1 0 0 1 0 1 1 0 0 0 1 0 0 0 0 2 0 1 1 0 0 2 0 0 0 1 0 0 0 1 1 0 0 0 0 1 0 1 0 2 0 1 0 0 0 1 1 0 0 1 1 0 1 0 0 1 0 2 0 2 0 2 0 0 1 0 0 1 0 0 0 1 0 1 0 0 0 1 0 0 0 1 0 1 1 0 0 0 1 0 0 0 0 2 0 1 0 2 0 1 0 0 0 0 0 1 0 1 0 1 0 0 0 0 0 2 0 1 1 0 0 2 0 2 0 1 0 0 1 0 0 0 0 1 0 0 0 0 1 0 0 0 1 0 0 1 0 1 0 0 1 0 0 2 0 0 0 1 0 1 0 2 0 2 0 2 0 2 0 1 1 0 0 1 1 0 0 1 0 1 1 0 0 0 0 2 0 1
0 189 1 0 2 0 1 1 0 1 0 0 1 0 2 0 0 0 1 0 1 0 0 0 0 0 1 0 2 0 0 1 0 1 0 0 0 1 0 0 0 0 1 1 0 0 2 0 0 0 0 0 0 0 0 0 2 0 2 0 1 0 2 0 1 0 2 0 2 0 1 0 0 0 2 0 2 0 0 0 2 0 0 1 0 0 0 1 0 0 1 0 2 0 0 0 1 0 0 0 1 1 0 0 1 0 0 0 2 0 2 0 2 0 0 0 1 0 1 0 1 0 0 0 1 0 1 1 0 0 2 0 1 1 0 0 2 0 0 0 1 0 2 0 0 0 2 0 1 0 2 0 1 1 0 0 0 0 1 1 0 0 0 0 2 0 2 0 2 0 2 0 0 1 0 1 0 1 0 1 0 0 0 1 0 0 1 0 1 0 0
0 190 1 0 0 2 0 1 0 0 0 2 0 2 0 0 0 1 0 2 0 2 0 0 0 0 1 0 0 1 1 0 0 0 0 2 0 0 0 2 0 0 0 0 0 0 0 0 0 1 0 0 0 0 0 1 0 1 0 2 0 0 0 2 0 0 0 2 0 1 1 0 0 2 0 1 0 1 0 2 0 0 0 2 0 2 0 0 0 2 0 2 0 0 0 1 0 2 0 0 1 0 1 0 0 2 0 1 0 1 0 2 0 1 0 1 0 2 0 2 0 2 0 0 1 0 0 1 0 0 0 1 0 1 0 0 0 0 0 1 1 0 0 1 0 2 0 1 0 0 0 2 0 0 1 0 0 0 1 0 1 0 0 1 0 1 0 2 0 2 0 1 1 0 0 0 1 0 1 0 0 2 0 0 0 2 0 1 0 2 0 0
0 191 1 1 0 0 0 1 0 0 2 0 1 0 1 0 1 1 0 0 2 0 1 0 1 0 1 0 2 0 2 0 2 0 0 0 0 0 2 0 0 0 1 0 0 0 0 0 0 0 2 0 0 0 0 1 0 0 0 0 1 0 2 0 0 0 2 0 1 0 1 0 0 0 1 0 0 0 0 0 1 0 2 0 1 0 1 0 2 0 1 0 1 0 1 1 0 0 1 1 0 0 0 1 0 0 1 0 0 0 0 0 2 0 0 0 0 0 2 0 2 0 1 0 2 0 2 0 1 0 0 0 2 0 2 0 0 0 0 1 0 1 0 1 0 0 1 1 0 0 2 0 0 0 2 0 2 0 0 1 0 0 2 0 1 1 0 0 2 0 2 0 0 1 0 0 1 1 0 1 0 0 0 0 2 0 1 0 0 0 1 0 1
1 192 1 0 1 0 0 1 1 0 0 1 0 0 0 0 0 1 0 0 0 1 0 0 0 0 0 0 0 2 0 2 0 1 0 1 0 1 0 0 0 1 0 2 0 0 0 0 0 1 0 0 0 1 0 1 0 1 1 0 1 0 0 1 0 2 0 0 1 0 1 0 0 1 0 2 0 0 0 0 1 0 0 2 0 0 0 0 0 2 0 0 0 0 0 0 1 0 1 0 1 0 0 1 0 2 0 1 0 0 0 1 0 0 0 1 0 1 0 1 0 2 0 0 0 2 0 1 1 0 0 2 0 1 0 1 0 1 0 1 1 0 1 0 1 0 0 0 0 0 0 0 0 2 0 1 0 1 1 0 0 0 0 1 0 1 0 0 0 1 0 1 1 0 0 0 0 0 0 0 0 2 0 0 0 0 1 0 0 1 1 0 0 0
1 193 1 1 0 0 2 0 2 0 2 0 1 0 0 0 0 0 2 0 0 0 2 0 0 0 0 0 1 0 1 0 1 1 0 1 0 1 0 0 1 1 0 0 1 0 1 0 0 0 2 0 0 1 0 0 0 0 1 0 0 0 2 0 2 0 0 1 0 0 0 0 2 0 2 0 0 0 1 0 1 1 0 0 0 0 1 0 1 0 0 0 1 0 0 0 1 1 0 1 0 0 2 0 2 0 0 1 0 0 1 0 2 0 0 1 0 0 0 0 0 0 1 0 2 0 1 0 1 0 0 0 1 0 0 0 0 0 0 0 1 0 0 1 0 0 1 1 0 0 0 0 1 0 1 0 0 0 0 1 0 0 0 0 2 0 2 0 0 1 0 0 0 1 0 0 0 0 0 0 1 0 0 0 1 0 1 0 2 0 2 0 1 1 0
1 195 1 0 0 0 0 0 1 0 2 0 1 1 0 0 1 0 1 0 0 0 2 0 0 0 1 0 0 1 0 0 0 0 1 0 0 1 0 0 2 0 2 0 2 0 1 0 2 0 1 0 0 0 2 0 1 1 0 0 2 0 1 0 1 0 1 0 2 0 2 0 0 0 1 0 1 0 1 1 0 0 0 1 0 0 0 0 2 0 2 0 0 0 2 0 1 0 0 0 0 1 0 0 1 0 1 0 2 0 2 0 2 0 0 0 2 0 1 1 0 0 0 1 0 0 1 1 0 1 0 0 1 0 2 0 0 0 0 0 0 0 2 0 1 0 2 0 2 0 1 1 0 0 2 0 2 0 0 0 1 0 2 0 0 0 1 0 1 0 2 0 2 0 0 0 1 1 0 0 0 0 2 0 0 1 0 0 0 0 2 0 2 0 0 1 0
1 195 2 0 0 0 0 1 0 0 2 0 0 1 0 0 2 0 2 0 1 0 0 0 1 0 2 0 1 0 1 1 0 0 2 0 1 1 0 0 1 0 2 0 2 0 0 0 1 1 0 0 2 0 1 0 1 0 0 0 1 0 0 0 0 0 0 0 2 0 1 0 1 1 0 0 0 0 0 1 0 0 1 0 2 0 0 0 1 0 1 0 2 0 0 1 0 0 1 0 1 0 2 0 1 1 0 0 2 0 2 0 1 0 2 0 1 0 0 1 0 0 1 1 0 0 0 0 0 0 2 0 2 0 0 0 1 0 0 0 1 0 1 0 0 0 2 0 2 0 1 0 0 0 1 0 1 0 1 1 0 0 1 0 1 1 0 0 0 0 2 0 1 0 1 1 0 1 0 0 1 0 0 0 2 0 2 0 0 0 1 0 1 0 2 0 1
0 197 1 0 0 0 1 0 1 1 0 0 0 1 0 0 0 0 1 0 1 1 0 0 1 1 0 0 2 0 0 0 1 0 0 0 1 0 0 1 0 1 0 0 2 0 1 0 2 0 0 0 0 0 0 1 0 1 0 0 1 0 2 0 0 0 0 0 1 0 1 0 0 0 0 1 0 0 0 0 1 0 2 0 2 0 0 0 1 1 0 0 0 0 1 0 2 0 2 0 1 1 0 0 2 0 1 0 0 0 1 0 2 0 0 0 1 1 0 0 2 0 2 0 2 0 1 1 0 0 1 0 1 0 1 0 1 0 2 0 0 0 2 0 2 0 1 0 1 0 1 1 0 0 1 1 0 0 0 0 0 1 0 1 0 0 0 1 0 0 1 0 1 0 0 0 1 0 0 0 2 0 1 0 1 0 1 0 1 0 1 1 0 0 0 0 2 0 0
0 197 2 0 0 1 0 0 0 1 0 0 1 0 1 1 0 1 0 0 1 0 0 0 0 0 0 0 0 0 1 0 2 0 0 0 2 0 1 1 0 1 0 0 1 0 0 0 1 0 1 0 0 0 1 1 0 0 2 0 2 0 0 0 1 0 0 0 2 0 2 0 0 0 1 0 1 1 0 1 0 0 2 0 1 0 1 1 0 1 0 0 0 1 0 0 2 0 2 0 1 0 0 0 0 1 0 0 1 1 0 0 1 0 2 0 0 0 0 0 1 0 2 0 2 0 0 1 0 1 0 0 0 0 0 0 0 0 1 0 2 0 1 0 2 0 0 0 0 0 0 1 0 1 0 1 0 0 0 0 1 1 0 0 2 0 0 0 2 0 1 0 2 0 0 0 2 0 1 0 1 0 0 0 0 0 0 0 0 0 0 1 0 0 1 0 0 0 1
1 199 1 0 0 0 2 0 2 0 0 0 2 0 2 0 0 0 0 0 2 0 1 0 0 0 0 0 0 0 0 1 0 0 1 0 2 0 1 0 1 0 0 0 2 0 1 0 0 0 2 0 2 0 1 0 0 0 0 0 1 0 1 0 1 0 2 0 1 0 1 0 1 0 1 1 0 0 1 0 0 1 0 0 1 0 0 0 1 0 0 0 2 0 0 1 0 0 1 0 1 1 0 0 1 0 1 0 2 0 2 0 2 0 2 0 0 0 1 0 0 1 0 0 2 0 1 1 0 0 0 0 1 1 0 0 0 0 0 1 0 0 2 0 0 0 1 0 1 0 0 0 1 1 0 1 0 0 2 0 0 0 0 0 0 0 0 0 2 0 1 0 0 0 1 0 2 0 0 1 0 1 0 0 1 0 0 0 0 0 0 0 1 0 2 0 1 0 0 1 0
1 199 2 0 1 0 1 0 1 0 2 0 1 0 1 0 1 0 1 0 0 1 0 0 1 0 0 0 0 0 1 0 2 0 2 0 0 1 0 1 0 0 2 0 0 1 0 0 2 0 1 0 1 1 0 0 1 0 0 1 0 0 0 0 0 0 2 0 0 0 0 0 0 0 0 1 0 0 2 0 1 0 2 0 1 0 0 0 2 0 1 0 0 0 2 0 2 0 1 1 0 1 0 1 0 0 0 0 2 0 2 0 2 0 1 0 1 0 2 0 1 1 0 0 1 0 0 1 0 0 0 1 0 1 0 0 0 0 1 1 0 0 0 0 1 0 2 0 2 0 1 0 0 0 0 1 0 0 0 0 1 0 0 0 0 0 1 0 0 1 0 0 1 1 0 0 1 1 0 0 0 0 2 0 1 0 0 0 0 0 0 1 0 0 1 1 0 0 2 0 1
0 201 1 0 1 0 0 0 0 0 0 0 1 1 0 1 0 1 0 1 0 0 2 0 2 0 1 0 0 0 0 1 0 0 2 0 1 1 0 0 0 1 0 0 0 1 0 0 0 0 1 0 0 0 0 1 0 0 2 0 1 0 1 1 0 0 1 0 0 0 1 0 0 0 0 0 1 1 0 0 1 0 0 0 1 1 0 0 2 0 0 1 0 0 2 0 1 0 2 0 1 0 0 1 0 0 2 0 0 0 1 0 2 0 2 0 0 0 0 0 2 0 0 1 0 0 2 0 1 0 2 0 0 1 0 0 1 1 0 1 0 1 0 0 0 1 0 0 2 0 1 1 0 0 1 0 1 0 1 1 0 0 2 0 0 0 0 0 2 0 1 0 2 0 2 0 2 0 2 0 2 0 0 0 0 1 0 0 1 0 0 0 1 1 0 0 0 0 0 0 1 0 0
0 201 2 0 2 0 0 0 0 0 1 0 0 0 0 1 0 1 0 1 0 0 1 0 1 1 0 0 1 0 1 1 0 0 1 0 0 1 0 0 1 0 2 0 0 0 1 1 0 0 2 0 0 0 1 1 0 0 1 0 0 0 0 1 0 0 2 0 0 0 2 0 0 0 0 1 0 1 0 0 2 0 1 0 0 0 0 0 0 1 0 0 0 0 1 0 0 0 1 1 0 1 0 0 0 0 0 0 1 1 0 0 2 0 1 0 1 0 1 0 0 1 0 0 0 0 1 0 0 0 1 1 0 0 0 0 0 0 0 1 0 0 2 0 0 1 0 0 1 0 0 1 0 1 0 0 0 0 1 0 0 0 0 0 1 0 1 0 1 0 0 0 2 0 2 0 2 0 2 0 1 0 1 0 1 0 2 0 1 0 0 1 0 1 0 0 0 0 0 0 2 0 0
0 203 1 0 1 0 1 0 1 0 0 0 2 0 0 0 1 1 0 1 0 0 2 0 1 1 0 1 0 1 0 0 0 1 0 0 2 0 1 0 2 0 2 0 0 0 2 0 0 0 0 0 0 0 1 1 0 1 0 0 2 0 0 0 1 1 0 0 0 0 2 0 0 0 1 0 1 1 0 1 0 0 0 1 0 0 1 0 0 0 1 0 1 1 0 0 2 0 1 0 0 0 0 0 1 1 0 0 1 0 0 0 0 0 0 1 0 1 0 1 0 0 2 0 1 1 0 0 2 0 0 1 0 1 0 0 0 0 0 0 1 1 0 0 0 0 2 0 2 0 1 0 1 1 0 0 1 1 0 0 2 0 0 0 0 0 2 0 2 0 2 0 1 0 1 0 2 0 2 0 2 0 0 0 0 0 0 0 1 1 0 1 0 0 0 0 1 1 0 0 1 0 0 0 1
1 203 2 0 2 0 2 0 2 0 1 0 0 0 2 0 0 0 0 1 0 0 1 0 1 0 0 1 0 0 2 0 0 1 0 0 1 0 0 0 2 0 1 0 2 0 0 0 1 0 0 0 1 0 0 0 0 1 0 0 0 0 1 1 0 1 0 0 1 0 0 0 1 1 0 0 1 0 0 0 2 0 0 0 2 0 1 0 0 1 0 0 1 0 0 0 0 1 0 0 1 0 0 1 0 1 0 0 2 0 0 0 0 0 1 1 0 1 0 1 0 0 1 0 1 0 0 0 0 1 0 0 0 0 1 1 0 0 0 1 0 1 0 0 1 0 1 0 2 0 0 0 1 0 0 0 0 0 0 0 0 0 1 0 1 0 1 0 2 0 2 0 0 0 0 0 2 0 2 0 1 0 1 0 0 0 1 0 0 0 0 0 1 1 0 1 0 1 0 0 2 0 0 1 0
1 205 1 0 1 0 2 0 2 0 1 1 0 0 2 0 0 0 1 0 1 0 2 0 1 0 2 0 1 1 0 0 0 0 2 0 2 0 1 0 1 0 1 0 0 0 1 0 1 0 2 0 0 0 2 0 0 0 1 0 2 0 0 0 0 0 0 0 2 0 1 0 0 1 0 1 0 0 2 0 1 0 0 0 2 0 0 1 0 0 2 0 2 0 1 0 0 0 1 0 2 0 1 0 1 1 0 1 0 0 0 0 1 0 1 0 0 0 0 1 0 0 2 0 1 0 2 0 0 0 1 0 1 1 0 1 0 1 0 0 1 1 0 0 2 0 1 1 0 0 1 0 1 0 2 0 0 0 0 0 0 0 0 1 0 0 0 0 0 0 2 0 1 0 1 0 1 0 1 0 1 1 0 1 0 0 1 0 2 0 0 0 1 0 0 0 0 1 0 1 0 0 0 0 2 0 1
0 206 1 0 0 0 0 2 0 2 0 1 0 0 0 0 0 1 1 0 0 0 0 2 0 0 0 2 0 0 1 0 0 1 0 1 0 1 1 0 1 0 1 0 0 1 1 0 0 0 0 1 0 2 0 0 0 1 1 0 0 1 0 1 0 0 0 1 0 0 1 0 1 0 0 0 1 0 0 0 1 0 0 2 0 0 1 0 0 0 0 1 0 1 1 0 0 1 1 0 0 2 0 0 0 1 0 0 0 1 1 0 0 2 0 2 0 0 0 1 1 0 0 1 0 0 0 1 0 1 1 0 0 1 0 0 1 0 1 0 0 0 0 0 0 1 0 0 1 0 1 0 0 0 0 1 0 1 0 0 0 0 0 1 0 1 1 0 0 1 0 1 0 0 0 0 0 0 0 0 0 1 0 0 0 2 0 2 0 0 0 1 0 2 0 0 0 1 1 0 0 2 0 0 0 1 0 0
0 207 1 0 2 0 0 0 1 0 1 1 0 0 1 0 0 1 0 1 0 0 1 0 0 0 2 0 0 0 2 0 2 0 1 1 0 0 1 0 0 1 0 0 2 0 2 0 1 1 0 1 0 0 1 0 1 1 0 1 0 0 2 0 2 0 0 0 2 0 1 1 0 0 2 0 0 0 2 0 0 1 0 0 0 0 2 0 1 1 0 1 0 0 1 0 0 0 0 0 0 0 0 0 1 0 2 0 1 0 0 0 0 0 1 0 1 0 1 1 0 1 0 0 2 0 0 1 0 0 0 1 0 0 2 0 1 1 0 0 1 1 0 0 0 0 2 0 1 1 0 0 1 1 0 0 2 0 2 0 0 0 0 1 0 0 0 1 0 0 2 0 2 0 0 0 0 0 0 0 0 0 2 0 1 0 1 0 1 0 1 1 0 0 1 0 2 0 0 0 0 0 0 0 1 0 2 0 0
0 208 1 0 0 1 0 1 1 0 0 0 1 0 0 2 0 1 1 0 0 2 0 1 0 1 0 0 0 2 0 1 0 2 0 0 1 0 0 2 0 1 1 0 0 1 0 2 0 1 0 0 0 2 0 2 0 0 0 0 1 0 0 1 0 1 0 2 0 1 0 1 0 0 0 0 0 2 0 0 0 2 0 2 0 0 0 1 0 1 0 0 0 2 0 1 0 0 0 0 0 0 0 0 1 0 0 1 1 0 0 1 0 0 1 0 0 0 0 1 0 0 1 0 0 0 0 2 0 2 0 0 1 0 0 1 0 0 1 0 1 0 1 0 0 1 0 1 0 1 0 0 0 0 0 0 0 1 0 1 0 1 0 1 0 2 0 0 1 0 0 1 0 1 0 1 0 0 0 0 0 1 0 1 0 0 0 0 0 0 0 0 1 0 1 0 0 1 0 1 0 0 0 0 1 0 0 1 0 1
1 209 1 0 2 0 1 1 0 1 0 0 1 1 0 0 1 0 1 0 0 0 0 1 0 1 0 0 2 0 1 0 0 0 1 1 0 0 0 0 1 0 0 1 0 1 0 0 1 1 0 0 2 0 1 0 1 0 1 0 1 0 2 0 1 1 0 0 1 1 0 1 0 0 1 0 1 0 0 0 2 0 1 0 1 0 1 0 2 0 2 0 1 0 0 1 0 0 1 0 0 0 0 0 1 0 2 0 2 0 2 0 1 0 1 0 1 1 0 0 2 0 1 0 2 0 0 0 1 0 1 0 2 0 2 0 1 0 1 1 0 1 0 0 2 0 1 0 2 0 2 0 0 0 0 0 0 1 0 0 0 0 0 0 0 0 1 0 2 0 2 0 1 0 2 0 2 0 0 0 0 0 2 0 2 0 0 0 0 0 0 0 1 1 0 0 2 0 1 0 2 0 0 0 1 0 2 0 1 1 0
1 210 1 0 0 2 0 1 0 0 0 2 0 2 0 2 0 1 0 2 0 0 0 1 1 0 1 0 0 0 1 0 0 1 1 0 1 0 0 0 0 2 0 1 1 0 1 0 0 0 0 0 0 1 0 0 0 0 0 0 0 0 0 2 0 1 0 0 0 0 0 0 0 2 0 1 0 2 0 1 0 1 0 0 0 0 0 0 0 2 0 1 1 0 0 2 0 2 0 1 0 0 0 0 1 0 0 2 0 2 0 2 0 0 0 0 0 1 0 0 0 1 0 0 0 1 0 1 1 0 0 0 0 2 0 2 0 0 0 1 0 0 1 0 0 1 0 0 0 2 0 1 0 1 0 0 0 1 0 1 1 0 0 0 0 0 1 0 0 2 0 2 0 0 0 2 0 1 0 1 0 1 0 1 0 1 0 1 0 0 0 1 0 0 0 0 0 1 0 0 0 1 0 1 1 0 0 2 0 0 1 0
1 211 1 1 0 0 0 1 0 0 2 0 1 0 2 0 2 0 0 0 1 0 2 0 0 0 0 0 2 0 0 1 0 0 0 0 0 0 2 0 0 0 1 0 1 0 0 0 1 1 0 0 0 0 2 0 0 0 0 0 0 0 1 0 0 1 0 0 1 0 0 0 1 0 1 0 0 0 1 1 0 1 0 0 1 0 0 0 1 0 1 0 1 0 0 0 1 0 1 1 0 0 1 0 1 1 0 0 1 0 2 0 1 0 1 0 0 0 2 0 0 0 2 0 0 1 0 0 0 1 0 0 1 0 1 0 1 0 1 0 2 0 1 0 2 0 1 0 1 0 0 1 0 1 0 0 1 1 0 0 0 1 0 0 0 0 1 1 0 0 1 0 1 0 2 0 0 1 0 1 0 1 0 1 0 1 0 1 0 0 1 0 2 0 0 0 0 0 2 0 0 1 0 0 1 0 0 0 0 0 2 0 1
0 212 1 0 1 0 0 1 1 0 0 1 0 0 0 2 0 1 0 1 1 0 0 1 0 1 0 1 0 0 0 2 0 1 1 0 0 1 0 0 0 1 0 2 0 2 0 0 1 0 1 0 0 1 0 0 0 1 0 0 0 0 0 2 0 1 0 2 0 1 0 0 0 2 0 2 0 1 0 0 0 0 0 2 0 1 0 0 0 2 0 2 0 2 0 0 1 0 0 0 1 0 1 0 0 0 1 0 1 0 0 1 1 0 1 0 0 2 0 0 0 2 0 0 0 2 0 2 0 0 0 2 0 1 1 0 0 0 0 0 0 2 0 0 0 1 1 0 1 0 1 0 0 0 0 2 0 2 0 2 0 0 0 1 1 0 1 0 1 0 1 0 0 0 0 1 1 0 0 0 1 0 1 0 1 0 1 0 0 2 0 2 0 0 0 1 0 1 0 0 0 2 0 2 0 1 0 0 0 1 0 1 0 0
0 213 1 1 0 0 2 0 2 0 2 0 1 0 1 0 1 0 0 0 0 1 0 0 2 0 2 0 2 0 1 0 1 0 0 1 0 0 2 0 0 1 0 0 2 0 1 1 0 0 0 0 2 0 1 0 0 0 2 0 0 0 1 0 1 0 0 0 1 1 0 0 2 0 1 0 1 1 0 0 1 0 1 0 0 1 0 0 2 0 1 0 2 0 1 0 2 0 2 0 0 1 0 0 2 0 0 1 0 1 0 0 0 0 0 1 0 0 0 0 2 0 0 0 2 0 1 0 1 0 2 0 1 0 0 1 0 0 0 0 1 0 0 0 2 0 0 0 0 1 0 0 2 0 0 0 1 0 2 0 1 0 2 0 0 0 0 1 0 1 0 0 1 1 0 1 0 1 0 0 1 1 0 1 0 1 0 1 0 0 1 0 1 0 1 0 2 0 2 0 1 0 1 0 1 1 0 0 1 0 2 0 2 0 0
1 215 1 0 0 0 0 0 1 0 2 0 1 1 0 1 0 1 0 0 1 0 1 1 0 0 1 0 2 0 1 1 0 1 0 1 0 0 0 0 0 1 0 0 0 0 1 0 0 1 0 0 1 0 0 1 0 0 2 0 0 0 1 0 2 0 2 0 1 0 0 0 0 0 1 0 0 0 0 1 0 0 2 0 2 0 1 1 0 0 1 0 0 0 2 0 0 0 2 0 1 1 0 0 0 0 0 1 0 0 0 0 1 1 0 0 1 0 2 0 0 0 0 0 2 0 1 0 0 0 0 0 1 1 0 0 2 0 1 1 0 0 2 0 1 0 0 0 1 0 1 1 0 0 0 0 1 1 0 0 2 0 0 0 1 0 1 0 1 1 0 1 0 0 0 0 0 1 0 1 0 0 0 0 0 1 0 1 0 0 2 0 1 1 0 0 0 0 2 0 2 0 0 0 0 0 0 1 0 1 0 0 2 0 1 0 1
0 215 2 0 0 0 0 1 0 0 2 0 1 0 0 1 0 0 2 0 1 1 0 1 0 1 0 0 2 0 1 0 0 1 0 0 1 1 0 0 1 0 1 1 0 0 2 0 1 0 2 0 1 0 1 1 0 0 0 0 1 1 0 0 2 0 1 1 0 0 1 0 0 0 2 0 0 0 1 1 0 0 1 0 2 0 0 1 0 0 2 0 1 0 0 0 2 0 1 0 0 1 0 0 0 0 1 0 1 1 0 1 0 1 0 1 0 0 1 0 1 0 1 0 0 1 0 0 1 0 1 0 0 0 0 0 1 0 1 0 0 0 0 1 0 0 1 1 0 0 0 1 0 0 1 0 0 0 0 0 0 0 1 1 0 0 0 0 1 0 0 0 1 1 0 0 1 1 0 0 1 1 0 0 1 1 0 1 0 0 1 0 0 1 0 0 1 0 1 0 1 0 1 0 0 0 1 1 0 1 0 0 1 0 0 0 0
0 217 1 0 0 0 1 0 1 1 0 0 0 1 0 1 0 0 0 0 1 0 1 0 0 1 0 1 0 0 0 1 0 0 2 0 2 0 2 0 2 0 2 0 0 0 0 0 1 0 0 0 2 0 0 0 0 1 0 0 1 0 0 0 0 0 1 0 0 1 0 0 2 0 1 0 0 0 1 1 0 1 0 1 0 0 1 1 0 0 0 0 0 1 0 0 2 0 0 1 0 0 2 0 1 1 0 1 0 0 1 0 0 1 0 1 0 0 2 0 1 0 2 0 2 0 1 0 2 0 1 0 2 0 0 0 0 0 2 0 2 0 0 0 1 0 2 0 2 0 2 0 0 0 2 0 1 0 0 0 0 0 0 1 0 1 0 0 0 0 2 0 1 0 0 0 0 0 0 0 0 0 0 0 0 0 0 0 0 0 2 0 1 0 1 0 2 0 1 0 2 0 2 0 2 0 1 0 0 0 0 0 2 0 1 0 0 0 0
0 217 2 0 0 1 0 0 0 1 0 0 1 1 0 0 1 1 0 0 2 0 2 0 1 1 0 0 2 0 0 1 0 0 1 0 2 0 2 0 2 0 1 0 1 0 0 0 2 0 1 0 0 0 1 0 1 0 2 0 1 0 0 0 0 0 2 0 1 1 0 0 0 1 0 0 2 0 0 0 0 1 0 0 2 0 2 0 1 1 0 0 1 1 0 0 0 1 0 0 0 0 1 0 1 0 0 0 2 0 1 0 1 1 0 1 0 0 1 0 0 0 2 0 2 0 0 0 2 0 0 0 1 0 1 0 1 0 1 0 1 0 1 1 0 0 2 0 2 0 1 0 2 0 0 1 0 0 1 0 0 0 1 1 0 0 2 0 0 0 0 1 0 0 1 0 0 0 0 0 0 0 0 0 0 0 0 0 1 0 1 0 0 0 0 0 2 0 0 0 2 0 2 0 1 1 0 0 1 0 1 0 0 1 0 0 1 0 0
0 219 1 0 0 0 2 0 2 0 0 1 0 0 0 0 0 0 0 0 0 0 1 0 2 0 1 0 0 0 0 0 2 0 2 0 2 0 1 0 2 0 1 1 0 1 0 0 2 0 0 1 0 0 1 1 0 0 0 0 1 1 0 0 1 0 1 0 1 0 0 1 0 0 1 1 0 0 0 0 1 0 1 1 0 0 1 0 2 0 0 1 0 1 0 1 0 0 1 0 1 1 0 0 2 0 2 0 1 0 1 0 0 0 1 0 0 0 2 0 1 0 1 0 1 0 1 0 2 0 0 0 1 1 0 0 0 0 0 0 0 0 0 0 1 0 0 0 1 0 2 0 0 0 1 0 2 0 2 0 1 0 1 0 0 0 0 0 0 0 1 0 1 0 2 0 1 0 0 0 0 0 0 0 0 0 0 0 0 0 2 0 2 0 0 0 1 0 0 0 2 0 1 0 2 0 0 1 0 0 2 0 2 0 1 0 2 0 1 0 0
0 219 2 0 1 0 1 0 1 0 2 0 1 1 0 0 0 0 0 0 0 1 0 0 1 1 0 0 1 0 1 0 1 0 2 0 2 0 0 0 2 0 1 0 0 1 0 0 0 0 2 0 2 0 2 0 1 1 0 1 0 1 0 0 2 0 2 0 2 0 1 0 2 0 2 0 1 1 0 1 0 0 0 1 0 1 0 0 1 1 0 0 0 1 0 0 2 0 2 0 0 0 0 0 1 0 1 1 0 1 0 0 1 0 2 0 1 0 1 0 0 0 0 0 0 0 0 0 1 0 1 1 0 1 0 0 0 0 0 0 0 0 0 0 2 0 0 1 0 0 1 0 1 1 0 0 2 0 1 1 0 1 0 0 1 0 0 0 0 1 0 0 0 0 1 1 0 0 1 0 0 0 0 0 0 0 0 0 1 0 1 0 1 0 1 0 2 0 1 0 1 0 0 0 1 1 0 0 0 0 1 0 2 0 0 0 1 1 0 0 1
1 221 1 0 1 0 0 0 0 0 0 0 2 0 0 1 0 0 0 0 0 0 1 0 2 0 2 0 2 0 1 1 0 0 0 0 2 0 1 0 2 0 0 1 0 0 2 0 2 0 0 0 1 0 2 0 2 0 1 0 0 1 0 1 0 0 1 0 2 0 2 0 0 0 2 0 2 0 1 0 0 0 2 0 0 1 0 0 2 0 2 0 2 0 0 1 0 0 1 0 1 0 1 0 0 1 0 0 1 0 0 0 2 0 2 0 0 1 0 1 0 0 1 0 0 0 0 0 0 1 0 0 1 0 0 0 1 1 0 0 0 0 0 0 1 0 0 0 2 0 2 0 2 0 0 0 0 0 1 0 1 0 0 0 2 0 1 0 0 0 1 0 1 1 0 1 0 1 0 0 2 0 0 0 0 0 0 0 0 1 0 0 0 0 0 0 0 0 1 1 0 1 0 0 1 1 0 1 0 0 0 1 0 0 1 0 1 1 0 1 0 1 0
0 221 2 0 2 0 0 0 0 0 1 0 0 0 2 0 1 1 0 0 0 1 0 0 2 0 2 0 2 0 0 1 0 0 1 0 1 0 0 0 1 1 0 0 0 0 1 0 1 0 1 1 0 0 2 0 1 1 0 1 0 0 0 0 2 0 2 0 1 0 1 0 2 0 1 0 1 1 0 0 2 0 0 1 0 0 0 0 1 0 2 0 1 0 2 0 2 0 1 0 2 0 2 0 1 0 2 0 1 0 1 0 1 0 1 1 0 0 0 0 2 0 1 0 0 0 0 0 1 0 2 0 1 0 0 1 0 1 0 0 0 0 0 0 2 0 1 0 1 0 2 0 1 0 1 0 0 0 2 0 2 0 1 0 0 1 0 0 1 1 0 0 1 0 0 1 0 1 0 0 0 0 1 0 0 0 0 0 1 0 1 1 0 0 0 0 1 0 0 0 0 1 0 0 0 0 0 0 2 0 0 0 2 0 2 0 0 0 0 1 0 0 1
1 223 1 0 1 0 1 0 1 0 0 0 2 0 1 0 1 0 0 1 0 0 1 1 0 0 1 0 2 0 1 0 2 0 2 0 1 0 2 0 0 1 0 1 0 0 0 1 0 0 0 0 1 0 0 0 1 0 1 0 0 0 2 0 0 0 1 0 2 0 0 0 0 0 2 0 0 0 1 0 0 0 0 0 2 0 1 1 0 1 0 0 2 0 0 0 2 0 2 0 0 0 2 0 2 0 0 0 2 0 0 0 0 0 0 0 0 1 0 0 1 0 0 1 0 0 1 0 0 1 0 0 1 1 0 1 0 0 0 0 1 1 0 0 1 0 1 0 0 0 0 0 1 1 0 1 0 0 2 0 1 0 1 1 0 0 2 0 2 0 2 0 2 0 1 0 1 1 0 0 1 1 0 0 2 0 0 0 0 1 0 0 0 1 0 0 0 0 2 0 0 0 1 0 1 1 0 0 1 0 0 0 2 0 1 0 1 0 1 0 1 0 2 0 1
0 223 2 0 2 0 2 0 2 0 1 0 0 1 0 1 0 0 2 0 2 0 2 0 2 0 2 0 1 0 0 0 2 0 2 0 0 0 1 1 0 0 0 0 2 0 0 0 1 1 0 0 2 0 0 0 2 0 2 0 1 0 0 0 1 1 0 0 1 0 1 0 1 0 0 0 1 0 2 0 0 0 1 0 1 0 1 0 0 1 0 0 0 0 2 0 1 0 1 0 2 0 1 0 1 0 2 0 0 0 1 0 0 0 0 0 1 0 2 0 1 0 1 0 2 0 1 0 1 1 0 0 0 0 0 0 1 1 0 1 0 1 0 0 2 0 2 0 0 0 1 0 0 0 0 1 0 0 1 0 0 0 1 0 0 0 1 0 2 0 2 0 2 0 0 0 1 0 0 0 0 0 0 0 0 0 1 0 1 0 2 0 0 0 2 0 0 0 0 0 1 1 0 0 0 1 0 0 2 0 1 0 1 0 0 0 0 0 0 0 0 0 2 0 0
0 225 1 0 1 0 2 0 2 0 1 1 0 1 0 0 0 1 0 0 1 0 2 0 2 0 2 0 1 1 0 0 2 0 1 0 1 0 1 1 0 1 0 0 1 0 0 0 2 0 0 0 0 0 0 0 2 0 1 0 1 1 0 0 1 1 0 1 0 0 2 0 2 0 2 0 0 1 0 0 1 0 1 0 2 0 2 0 2 0 1 0 2 0 0 0 1 0 0 0 0 0 2 0 0 0 0 0 1 0 1 0 2 0 0 0 0 1 0 0 2 0 0 0 0 0 2 0 0 0 0 1 0 0 0 0 1 0 0 0 0 1 0 1 0 0 1 0 1 0 1 0 2 0 0 0 1 0 2 0 1 0 0 0 2 0 0 1 0 0 2 0 2 0 1 0 1 0 2 0 0 0 0 0 0 0 0 1 0 0 0 0 1 0 2 0 0 0 1 0 0 1 0 1 0 0 1 1 0 0 0 1 0 1 0 0 1 0 0 0 0 0 1 0 0 0 1
1 226 1 0 0 0 0 2 0 2 0 1 0 0 0 2 0 0 0 2 0 2 0 1 0 2 0 2 0 1 0 0 0 1 0 0 0 0 0 1 0 0 0 2 0 1 0 1 0 0 0 1 0 0 0 1 0 1 0 0 0 1 0 0 0 0 0 0 1 0 0 1 0 2 0 1 0 2 0 2 0 1 1 0 0 2 0 2 0 2 0 0 0 1 0 1 0 2 0 0 0 1 0 0 0 1 0 0 1 0 0 0 0 1 0 1 0 1 1 0 0 0 0 1 0 1 0 0 0 1 0 1 0 1 1 0 0 2 0 0 0 1 1 0 0 2 0 1 1 0 0 0 0 1 0 1 1 0 0 1 1 0 0 2 0 0 1 0 0 0 0 1 0 2 0 0 0 0 0 1 0 1 0 0 0 0 0 1 0 1 1 0 1 0 0 1 0 1 0 2 0 1 1 0 0 2 0 2 0 2 0 0 1 0 0 2 0 1 0 0 0 0 0 2 0 0 1 0
1 227 1 0 2 0 0 0 1 0 1 1 0 0 2 0 0 0 2 0 1 0 2 0 0 0 2 0 1 1 0 0 1 0 2 0 0 0 0 0 2 0 1 0 0 1 0 1 0 0 1 0 2 0 0 0 2 0 2 0 0 0 2 0 0 0 0 0 1 0 2 0 2 0 1 0 0 0 2 0 2 0 1 0 0 0 1 0 2 0 1 0 1 1 0 0 0 0 1 0 1 0 2 0 0 0 2 0 1 0 1 1 0 1 0 0 0 0 0 1 0 0 0 0 2 0 2 0 0 1 0 0 0 0 1 0 0 0 0 0 2 0 0 0 0 0 1 0 0 1 0 0 0 1 0 0 1 0 0 0 0 0 0 0 0 0 2 0 1 1 0 1 0 0 1 0 1 0 0 0 2 0 2 0 0 0 0 1 0 0 1 0 0 0 2 0 1 1 0 0 2 0 1 0 0 0 1 0 2 0 1 1 0 0 0 0 0 1 0 0 1 0 1 0 0 0 2 0 1
0 228 1 0 0 1 0 1 1 0 0 1 0 0 0 0 0 2 0 1 0 0 0 1 0 2 0 1 0 0 1 0 1 0 0 1 0 1 0 1 0 0 1 0 1 0 0 0 0 2 0 2 0 0 0 2 0 1 0 1 0 2 0 0 0 1 0 0 1 0 0 2 0 1 1 0 0 2 0 1 0 1 1 0 0 1 1 0 0 2 0 0 0 0 1 0 0 0 1 0 0 0 0 1 0 2 0 1 0 0 0 1 0 0 0 1 1 0 0 1 0 2 0 0 0 1 0 1 0 2 0 1 1 0 0 2 0 0 0 1 0 0 0 1 0 0 0 2 0 1 0 2 0 0 0 2 0 1 0 0 0 0 0 0 0 1 0 1 0 1 0 0 0 2 0 1 0 2 0 1 0 1 0 1 0 1 0 1 0 2 0 1 0 1 0 1 0 1 0 0 0 0 1 0 0 1 1 0 0 2 0 0 1 0 0 0 0 1 0 2 0 1 0 2 0 1 0 1 0 0
0 229 1 0 2 0 1 1 0 1 0 0 2 0 0 0 1 0 0 1 0 0 1 1 0 0 1 1 0 1 0 0 0 0 2 0 1 0 2 0 2 0 1 1 0 0 2 0 0 0 1 0 1 0 2 0 1 0 0 0 0 0 1 0 1 0 2 0 1 1 0 0 1 0 1 0 0 0 1 0 0 0 1 0 0 0 0 0 0 0 0 0 1 0 1 0 2 0 0 0 1 1 0 1 0 0 1 1 0 0 1 0 2 0 0 1 0 1 0 1 0 0 1 0 1 1 0 0 0 0 2 0 1 0 0 0 0 0 1 0 2 0 0 0 2 0 1 0 1 0 0 0 1 0 2 0 0 1 0 0 1 0 0 0 0 0 2 0 2 0 2 0 1 0 1 0 0 0 2 0 0 0 0 0 0 0 0 0 0 0 1 1 0 1 0 1 0 1 0 0 1 0 1 1 0 0 0 0 0 0 0 0 2 0 1 1 0 1 0 0 2 0 0 0 1 1 0 1 0 0 1
1 230 1 0 0 2 0 1 0 0 1 0 0 0 0 1 0 2 0 1 1 0 0 0 0 0 0 0 0 0 0 2 0 0 0 1 0 0 0 2 0 2 0 1 0 0 0 0 0 1 1 0 0 0 0 1 1 0 0 1 0 0 1 0 0 0 0 2 0 0 1 0 0 2 0 2 0 0 0 2 0 0 0 2 0 0 0 0 0 0 0 0 1 0 0 0 0 1 0 2 0 0 0 0 0 2 0 2 0 2 0 2 0 0 1 0 0 0 1 0 0 2 0 1 1 0 1 0 0 1 0 0 1 0 0 1 0 0 1 0 0 1 0 2 0 0 1 0 1 0 0 1 1 0 0 1 0 2 0 2 0 1 0 0 0 1 0 1 0 2 0 1 1 0 1 0 0 2 0 0 0 1 0 0 0 0 0 0 0 1 0 0 0 0 1 0 1 0 0 2 0 1 1 0 1 0 0 0 0 0 0 1 0 1 0 1 0 0 1 0 0 0 0 2 0 0 0 0 0 2 0 1
0 231 1 1 0 0 0 1 0 0 2 0 1 1 0 1 0 0 2 0 0 1 0 0 0 0 0 0 0 0 1 0 0 0 1 0 2 0 1 0 1 0 1 1 0 0 1 0 0 1 0 1 0 0 0 1 0 1 0 0 2 0 1 0 2 0 0 0 0 1 0 0 0 0 1 0 1 0 2 0 0 0 2 0 0 0 1 0 0 0 0 0 1 0 1 1 0 1 0 0 1 0 1 0 1 0 1 0 2 0 2 0 1 0 2 0 2 0 0 1 0 0 1 0 1 0 0 0 2 0 1 0 1 0 2 0 1 0 1 0 2 0 2 0 0 1 0 0 0 0 2 0 2 0 2 0 2 0 1 0 1 1 0 0 1 1 0 0 0 0 2 0 1 0 0 1 0 0 0 0 1 0 2 0 0 0 0 0 0 0 2 0 0 0 1 1 0 1 0 0 1 0 1 0 0 0 1 1 0 0 0 0 2 0 2 0 2 0 1 0 2 0 0 0 0 0 1 0 1 0 1 0 0
0 232 1 0 1 0 0 1 1 0 0 1 0 1 0 0 1 0 0 0 0 2 0 1 1 0 0 0 0 0 0 2 0 0 1 0 0 2 0 0 0 0 0 0 1 0 0 2 0 1 1 0 0 2 0 0 1 0 1 0 0 1 0 0 0 1 0 1 0 1 0 1 1 0 1 0 0 0 0 1 0 2 0 0 0 1 0 2 0 0 0 0 1 0 0 1 0 0 0 2 0 1 1 0 0 0 0 0 0 2 0 2 0 0 0 2 0 1 0 2 0 2 0 1 0 2 0 1 0 1 0 0 0 0 0 2 0 0 0 0 0 2 0 1 0 2 0 2 0 0 0 1 0 2 0 2 0 2 0 0 0 0 1 0 1 0 1 0 0 1 0 0 1 0 0 2 0 1 1 0 1 0 0 1 0 1 0 0 0 1 0 0 0 2 0 0 0 0 0 2 0 1 0 2 0 0 1 0 1 0 0 1 0 1 0 2 0 2 0 0 0 1 0 1 0 0 0 2 0 2 0 2 0 0
1 233 1 1 0 0 2 0 2 0 2 0 1 0 2 0 1 0 2 0 0 0 1 0 0 1 0 0 0 0 1 0 0 1 0 0 0 0 0 0 1 0 0 0 1 1 0 0 1 0 1 0 0 0 0 1 0 0 0 0 2 0 1 0 0 1 0 0 0 0 0 0 1 0 0 0 1 1 0 1 0 0 1 0 1 1 0 0 1 0 1 0 1 0 2 0 1 0 1 0 1 0 0 1 0 0 0 0 1 0 1 0 1 0 2 0 1 0 0 0 2 0 2 0 0 0 1 1 0 1 0 0 1 0 1 0 0 0 1 0 1 0 1 0 0 0 2 0 1 0 1 1 0 0 2 0 2 0 1 0 1 0 1 1 0 1 0 0 2 0 1 0 1 1 0 0 1 0 1 0 0 0 2 0 1 0 2 0 0 0 2 0 1 0 0 0 1 0 1 0 1 0 0 0 1 1 0 0 0 0 2 0 1 1 0 0 2 0 1 0 1 0 2 0 2 0 1 0 1 0 2 0 1 0 1
0 235 1 0 0 0 0 0 1 0 2 0 2 0 0 0 2 0 0 0 1 0 1 0 2 0 1 0 1 1 0 0 2 0 1 0 1 1 0 0 0 0 2 0 0 1 0 1 0 0 2 0 2 0 0 0 1 0 2 0 0 0 0 1 0 0 2 0 1 1 0 0 0 0 2 0 1 0 0 0 0 0 2 0 1 1 0 1 0 1 0 0 0 0 0 0 1 1 0 1 0 1 0 0 2 0 1 1 0 1 0 0 0 0 0 0 1 1 0 0 2 0 1 0 1 0 2 0 0 0 0 0 2 0 1 0 2 0 0 0 2 0 2 0 2 0 1 0 1 0 0 0 1 0 0 0 1 0 2 0 0 0 0 0 1 0 0 1 0 0 1 0 0 0 0 1 0 0 2 0 2 0 1 0 1 0 0 0 1 0 2 0 0 1 0 0 1 0 2 0 2 0 2 0 0 1 0 1 0 0 1 0 1 0 1 0 0 0 1 0 0 0 0 0 2 0 2 0 0 0 0 0 2 0 0 0 0
0 235 2 0 0 0 0 1 0 0 2 0 1 0 2 0 0 0 1 1 0 0 0 0 2 0 0 0 1 0 0 0 1 0 0 0 0 1 0 0 1 0 0 1 0 0 0 1 0 0 1 0 1 0 1 1 0 0 1 0 1 0 1 1 0 0 1 0 0 1 0 0 1 0 0 1 0 0 1 0 1 0 1 0 1 0 0 1 0 0 1 1 0 0 1 0 0 0 0 1 0 1 0 0 1 0 1 0 0 0 1 1 0 0 1 0 0 0 0 0 1 0 0 0 0 0 1 0 1 0 1 0 1 0 0 0 1 0 2 0 1 0 2 0 1 1 0 1 0 0 1 0 2 0 0 1 0 0 1 0 1 0 0 0 2 0 1 0 2 0 1 0 0 0 1 1 0 0 1 0 1 1 0 1 0 0 1 1 0 0 1 0 2 0 2 0 2 0 1 0 2 0 1 1 0 0 0 0 2 0 1 0 2 0 2 0 0 0 2 0 0 0 1 0 1 0 1 0 1 0 1 0 0 0 1 0 0
0 237 1 0 0 0 1 0 1 1 0 0 1 0 0 0 1 0 1 1 0 1 0 0 1 0 0 0 1 0 2 0 0 0 2 0 0 0 1 0 2 0 1 0 1 0 2 0 0 0 2 0 1 1 0 0 0 1 0 1 0 0 0 0 0 1 0 0 2 0 1 0 2 0 1 0 1 0 2 0 1 0 2 0 2 0 2 0 1 0 2 0 2 0 2 0 1 0 0 0 1 1 0 0 2 0 1 0 2 0 0 1 0 1 0 0 2 0 0 0 0 0 2 0 0 0 0 0 2 0 2 0 2 0 2 0 0 1 0 0 2 0 0 0 2 0 1 0 0 0 2 0 2 0 0 0 2 0 2 0 1 0 2 0 1 0 1 0 0 0 1 1 0 0 1 1 0 1 0 1 0 0 1 0 0 0 2 0 2 0 2 0 2 0 1 0 2 0 2 0 0 0 2 0 0 1 0 0 1 0 1 0 0 0 2 0 1 0 2 0 0 0 1 0 2 0 2 0 2 0 2 0 2 0 0 0 2 0 0
0 237 2 0 0 1 0 0 0 1 0 0 2 0 0 1 0 0 1 0 0 0 2 0 1 0 0 1 0 0 1 0 2 0 0 0 1 1 0 0 2 0 0 0 0 0 1 0 2 0 1 0 0 1 0 0 1 1 0 0 1 1 0 0 1 1 0 0 1 0 0 0 2 0 0 0 0 0 2 0 0 0 2 0 2 0 2 0 0 0 2 0 2 0 1 1 0 0 2 0 0 0 0 0 1 0 0 0 1 1 0 0 0 1 0 0 0 0 1 0 1 0 0 0 1 0 1 0 1 0 2 0 2 0 1 1 0 0 0 0 0 0 2 0 0 1 0 0 2 0 1 0 1 0 2 0 1 0 2 0 0 0 1 1 0 1 0 0 2 0 0 0 0 0 0 0 0 1 0 0 2 0 1 0 1 0 1 0 2 0 2 0 2 0 0 0 2 0 1 0 2 0 0 0 2 0 2 0 1 0 2 0 1 0 1 0 0 0 1 0 1 1 0 0 2 0 2 0 2 0 2 0 1 0 2 0 0 0 1
1 239 1 0 0 0 2 0 2 0 0 1 0 0 0 0 2 0 2 0 1 0 1 0 0 1 0 0 2 0 2 0 2 0 0 0 2 0 0 0 0 0 0 0 1 0 0 1 0 0 1 1 0 0 2 0 2 0 2 0 2 0 2 0 2 0 2 0 2 0 1 0 1 0 0 0 1 0 1 0 0 0 2 0 1 0 2 0 1 0 2 0 1 0 2 0 1 0 0 0 0 0 1 0 0 0 2 0 0 1 0 1 0 0 1 0 1 1 0 0 2 0 2 0 0 1 0 0 0 0 0 0 2 0 2 0 0 1 0 0 0 0 1 0 0 1 0 0 0 0 1 0 0 0 0 0 2 0 0 0 1 0 2 0 0 0 0 1 0 0 0 0 1 0 0 0 0 0 1 1 0 0 1 0 0 0 0 0 0 0 2 0 2 0 1 0 2 0 1 0 0 0 1 0 2 0 1 0 2 0 0 0 1 1 0 1 0 0 1 1 0 0 1 0 0 0 1 0 2 0 2 0 2 0 0 0 1 0 1 1 0
1 239 2 0 1 0 1 0 1 0 2 0 2 0 0 0 1 0 1 1 0 1 0 1 0 0 0 0 1 0 2 0 1 0 2 0 0 0 1 0 0 0 0 0 2 0 1 1 0 0 0 0 0 0 1 0 2 0 2 0 2 0 2 0 2 0 2 0 1 1 0 1 0 0 1 0 2 0 2 0 1 0 1 0 0 0 2 0 0 0 2 0 0 0 1 1 0 0 1 0 0 0 2 0 1 0 0 1 0 0 0 0 2 0 2 0 0 0 0 0 1 0 1 0 2 0 1 1 0 0 1 0 1 0 1 0 2 0 1 1 0 0 2 0 1 0 1 1 0 0 2 0 0 0 1 0 0 0 1 1 0 0 1 0 1 0 1 0 1 1 0 0 2 0 0 0 0 1 0 1 0 0 2 0 0 0 0 0 1 0 1 0 2 0 0 0 1 1 0 0 1 1 0 0 2 0 0 0 1 0 2 0 0 0 0 0 2 0 2 0 2 0 1 0 0 1 0 0 2 0 2 0 1 0 1 1 0 0 0 1 0
0 241 1 0 1 0 0 0 0 0 0 0 2 0 1 0 1 1 0 0 1 0 0 1 0 0 1 1 0 1 0 0 2 0 0 0 1 0 1 0 2 0 0 0 1 0 1 0 0 1 0 0 0 0 0 1 0 0 2 0 2 0 2 0 2 0 2 0 2 0 1 0 0 0 2 0 2 0 1 0 1 1 0 1 0 0 2 0 0 0 2 0 0 0 1 1 0 1 0 0 2 0 1 0 0 1 0 0 2 0 2 0 0 0 1 0 1 0 1 0 0 1 0 0 0 0 2 0 0 1 0 1 0 0 0 0 0 0 2 0 1 0 0 0 1 0 0 0 1 0 0 0 0 0 1 0 2 0 0 1 0 1 0 1 0 0 0 0 0 0 1 0 0 0 0 0 1 0 1 1 0 1 0 0 0 0 1 0 0 1 0 0 0 0 1 0 2 0 0 0 0 0 0 0 0 0 0 0 1 1 0 0 1 0 1 0 1 0 1 0 2 0 1 1 0 1 0 0 0 0 1 0 2 0 0 0 0 1 0 0 1 0 1
1 241 2 0 2 0 0 0 0 0 1 0 1 0 0 0 0 1 0 0 2 0 1 1 0 0 0 0 0 1 0 0 0 0 1 1 0 0 0 0 1 0 1 0 2 0 2 0 1 0 1 1 0 0 1 1 0 0 1 0 2 0 2 0 2 0 2 0 1 1 0 0 2 0 1 0 2 0 0 0 1 0 0 1 0 0 0 0 2 0 0 0 2 0 0 0 0 1 0 0 0 1 0 1 0 0 0 0 1 0 1 0 1 0 2 0 2 0 2 0 1 0 2 0 0 0 0 1 0 0 0 0 1 1 0 0 1 0 0 1 0 0 1 0 2 0 0 0 2 0 0 0 0 1 0 0 1 1 0 0 0 1 0 0 1 1 0 0 0 0 2 0 0 0 0 1 0 0 1 0 0 0 1 1 0 0 2 0 1 0 1 1 0 1 0 0 1 0 1 0 0 0 0 0 0 0 0 1 0 1 0 1 0 0 0 0 0 0 0 0 2 0 1 0 0 0 1 1 0 1 0 0 1 0 1 0 1 0 2 0 1 1 0
1 243 1 0 1 0 1 0 1 0 0 0 2 0 2 0 0 0 1 1 0 0 1 0 0 1 0 0 0 0 1 0 1 1 0 1 0 1 0 0 0 1 0 0 0 0 2 0 2 0 0 0 0 1 0 1 0 1 0 1 0 0 2 0 2 0 2 0 2 0 1 0 0 0 1 0 0 0 1 0 1 0 2 0 1 0 2 0 0 0 0 0 2 0 0 0 1 0 1 0 2 0 0 1 0 0 1 1 0 1 0 0 0 0 0 0 2 0 2 0 2 0 0 0 1 0 1 0 1 0 1 1 0 1 0 1 0 0 2 0 1 0 2 0 2 0 0 0 2 0 0 0 1 0 1 0 2 0 2 0 2 0 0 0 2 0 2 0 2 0 0 0 0 0 1 0 1 0 2 0 1 0 1 0 0 0 0 0 1 0 0 0 1 0 0 0 2 0 1 0 2 0 0 0 0 0 0 0 1 1 0 1 0 0 1 1 0 0 0 0 1 0 0 1 0 0 2 0 0 0 0 0 2 0 1 1 0 0 0 0 2 0 0 1 0
1 243 2 0 2 0 2 0 2 0 1 0 1 0 1 0 1 1 0 1 0 0 2 0 1 0 1 1 0 1 0 0 1 0 0 1 0 0 2 0 0 0 2 0 0 0 1 0 1 0 1 0 1 1 0 1 0 1 0 1 0 0 1 0 2 0 2 0 1 1 0 0 1 0 2 0 0 1 0 0 0 0 2 0 0 0 1 0 1 0 1 0 0 0 1 1 0 0 0 0 1 1 0 0 0 0 0 0 0 0 1 1 0 0 1 0 1 0 2 0 1 0 1 1 0 0 0 0 0 0 1 0 0 1 0 1 0 0 1 0 0 0 2 0 1 0 2 0 0 0 1 1 0 0 0 0 2 0 2 0 1 0 2 0 1 0 2 0 1 0 1 0 0 1 0 0 0 0 1 1 0 1 0 0 1 0 0 0 2 0 0 0 2 0 1 0 1 0 0 0 1 0 1 0 0 0 1 0 0 0 0 0 2 0 2 0 1 1 0 0 2 0 1 1 0 0 0 0 1 0 1 0 1 0 0 1 0 0 1 0 0 0 2 0 1
0 245 1 0 1 0 2 0 2 0 2 0 0 0 0 0 0 0 1 0 0 1 0 0 1 0 0 0 1 0 0 0 2 0 1 0 1 1 0 0 0 0 2 0 0 0 1 1 0 0 0 0 0 0 1 0 0 1 0 1 0 0 2 0 2 0 1 0 2 0 0 1 0 1 0 0 1 0 2 0 2 0 0 0 0 0 1 0 2 0 2 0 2 0 0 1 0 1 0 0 0 1 0 1 0 0 0 0 0 0 0 1 0 1 0 1 0 0 0 0 2 0 0 0 0 1 0 0 0 0 0 0 2 0 1 1 0 0 2 0 1 0 1 0 1 0 0 0 1 0 1 1 0 1 0 0 1 0 1 0 2 0 0 0 2 0 0 0 1 1 0 1 0 0 2 0 2 0 0 0 0 0 0 0 2 0 1 0 1 0 0 0 2 0 0 1 0 1 0 0 1 0 2 0 2 0 0 0 2 0 0 0 1 0 1 0 2 0 1 0 0 0 1 0 0 1 0 0 0 0 2 0 2 0 2 0 1 0 2 0 1 0 1 0 1 0 0
0 246 1 0 0 0 0 2 0 2 0 1 0 1 0 0 0 0 0 2 0 1 0 2 0 1 0 0 0 2 0 1 0 1 0 0 0 0 1 0 0 1 0 0 0 1 1 0 1 0 0 0 0 0 0 2 0 1 1 0 1 0 0 1 0 2 0 0 0 1 1 0 0 0 0 2 0 2 0 1 0 1 0 1 0 0 1 0 0 2 0 2 0 1 1 0 0 0 0 2 0 0 1 0 0 1 1 0 0 0 0 1 1 0 1 0 0 2 0 0 0 0 0 1 0 1 0 1 1 0 0 1 0 1 0 1 0 0 0 0 1 0 1 0 1 0 0 1 1 0 0 1 0 0 0 2 0 1 1 0 0 1 0 2 0 0 0 2 0 0 0 0 1 0 0 1 0 1 0 1 0 0 0 1 0 0 1 0 1 0 0 2 0 0 1 0 0 0 0 2 0 2 0 1 0 1 0 2 0 0 0 1 1 0 0 0 0 1 1 0 0 1 0 2 0 1 0 2 0 0 0 1 0 2 0 2 0 0 0 1 1 0 1 0 1 0 0 1
1 247 1 0 2 0 0 0 1 0 1 1 0 1 0 0 1 0 1 0 1 0 0 0 1 1 0 0 2 0 0 1 0 1 0 0 1 0 1 0 2 0 1 0 1 0 0 0 0 0 1 1 0 0 1 0 1 0 1 0 0 0 2 0 2 0 0 0 1 1 0 1 0 0 1 0 1 0 1 1 0 1 0 1 0 1 0 0 0 0 1 0 2 0 0 1 0 0 1 0 0 0 2 0 2 0 2 0 2 0 0 0 0 0 0 1 0 0 0 0 1 0 0 1 0 0 0 0 0 1 0 0 2 0 2 0 2 0 0 0 1 1 0 1 0 0 2 0 2 0 2 0 1 0 1 0 1 0 0 1 0 1 0 0 1 0 2 0 0 0 1 0 1 0 2 0 1 0 2 0 2 0 0 0 2 0 1 1 0 1 0 0 0 0 2 0 2 0 0 0 1 0 2 0 0 0 0 0 1 0 1 1 0 1 0 0 0 1 0 1 0 1 0 0 2 0 0 0 1 0 1 1 0 0 2 0 1 0 2 0 0 0 0 1 0 0 2 0 1
0 248 1 0 0 1 0 1 1 0 0 1 0 0 0 2 0 1 0 2 0 2 0 1 0 0 0 0 0 0 1 0 0 0 0 2 0 1 1 0 0 1 1 0 1 0 0 1 0 0 1 0 1 0 0 2 0 2 0 2 0 1 0 1 0 1 0 2 0 0 0 0 0 2 0 1 1 0 0 1 0 0 1 0 1 0 0 1 1 0 1 0 0 1 0 2 0 2 0 1 0 1 0 1 0 2 0 2 0 1 0 1 0 0 0 1 0 1 1 0 0 2 0 1 0 1 1 0 0 1 1 0 0 1 0 2 0 1 0 2 0 0 0 0 1 0 0 1 0 2 0 1 1 0 1 0 1 0 1 0 0 0 0 2 0 2 0 0 0 1 1 0 0 0 0 2 0 0 0 2 0 1 0 2 0 1 0 1 0 0 0 2 0 0 0 1 0 1 0 1 1 0 0 1 0 1 0 0 1 0 0 1 0 0 0 2 0 0 1 0 1 0 1 0 0 0 0 1 1 0 0 1 0 0 0 1 0 0 0 1 0 1 0 1 1 0 0 1 0 0
0 249 1 0 2 0 1 1 0 1 0 0 2 0 1 0 1 0 0 0 2 0 1 1 0 0 1 0 0 0 1 0 2 0 0 0 1 0 1 0 0 0 0 0 0 0 2 0 1 0 1 1 0 1 0 0 1 0 2 0 2 0 0 0 0 0 0 0 1 0 1 0 1 0 1 0 0 1 0 0 2 0 1 1 0 1 0 0 0 0 0 0 2 0 2 0 1 0 2 0 0 0 0 0 0 0 2 0 1 1 0 1 0 0 1 1 0 0 1 0 0 0 1 0 0 0 0 1 0 1 0 1 0 1 0 0 2 0 0 0 1 0 1 0 1 0 2 0 2 0 1 0 1 0 0 1 0 1 0 0 2 0 0 0 1 0 1 0 1 1 0 1 0 0 1 0 0 0 2 0 1 0 0 0 1 1 0 1 0 0 2 0 0 0 1 1 0 0 0 0 0 1 0 0 2 0 2 0 1 0 2 0 1 0 1 0 0 1 0 0 0 1 0 0 1 1 0 1 0 1 0 0 2 0 0 0 2 0 0 1 0 0 0 0 0 1 0 0 2 0 0
0 250 1 0 0 2 0 1 0 0 1 0 0 0 1 0 1 0 0 2 0 1 0 0 1 0 0 2 0 0 1 0 0 1 0 1 0 2 0 2 0 0 0 0 0 1 0 1 0 0 0 1 0 0 0 2 0 2 0 1 0 1 0 1 0 0 0 0 0 2 0 2 0 2 0 2 0 1 1 0 0 1 0 1 0 0 0 1 1 0 0 1 0 1 0 2 0 0 0 1 0 1 0 0 0 1 0 1 0 1 0 0 0 2 0 2 0 2 0 1 0 0 0 2 0 0 0 1 1 0 1 0 1 0 1 0 0 0 0 1 1 0 0 0 0 0 0 2 0 1 1 0 1 0 1 0 0 0 1 0 0 0 0 1 1 0 0 0 0 1 0 0 0 2 0 1 0 1 0 0 1 0 0 2 0 0 0 0 1 0 0 0 0 1 1 0 1 0 0 0 0 1 1 0 0 1 0 2 0 0 0 1 1 0 1 0 0 2 0 2 0 0 1 0 0 0 0 0 1 0 1 0 0 0 0 2 0 0 0 2 0 1 1 0 0 1 1 0 0 0 0 1
1 251 1 1 0 0 0 1 0 0 2 0 2 0 0 1 0 1 0 0 0 1 0 1 0 0 0 0 0 0 2 0 2 0 1 1 0 0 2 0 1 0 1 0 0 0 2 0 2 0 0 0 2 0 1 0 1 0 1 1 0 1 0 1 0 0 1 0 1 0 1 0 2 0 2 0 2 0 0 1 0 0 2 0 2 0 0 1 0 1 0 1 0 0 0 0 1 0 1 0 2 0 2 0 0 0 2 0 2 0 2 0 1 0 1 0 2 0 1 1 0 0 2 0 0 0 2 0 0 0 0 1 0 1 0 0 1 1 0 1 0 1 0 0 0 0 1 0 1 0 1 0 0 1 0 0 2 0 0 0 1 1 0 1 0 1 0 0 0 0 2 0 1 0 0 1 0 1 0 1 0 0 0 0 0 0 1 0 1 0 2 0 0 0 0 0 0 0 1 1 0 1 0 1 0 1 0 0 1 0 2 0 0 0 0 1 0 0 1 0 1 0 2 0 1 1 0 0 1 1 0 0 2 0 0 0 0 0 2 0 1 0 0 1 0 1 0 1 0 0 0 1 0
0 252 1 0 1 0 0 1 1 0 0 1 0 1 1 0 0 0 0 2 0 0 1 0 0 1 1 0 0 1 0 1 0 2 0 1 0 0 0 0 1 0 1 0 0 2 0 1 0 1 0 2 0 1 0 0 0 0 0 1 0 0 1 0 0 2 0 1 1 0 0 0 0 2 0 2 0 1 1 0 0 0 0 1 0 1 1 0 0 0 1 0 0 1 1 0 1 0 0 0 0 2 0 1 0 2 0 1 0 2 0 2 0 0 0 0 0 2 0 1 0 0 0 0 0 2 0 0 0 1 0 1 1 0 1 0 0 0 0 0 1 0 0 1 1 0 0 2 0 2 0 2 0 1 1 0 0 0 0 2 0 0 0 0 1 0 0 2 0 0 0 0 1 0 1 0 0 0 1 0 0 1 1 0 0 0 1 0 0 0 0 1 0 1 0 0 0 1 0 0 0 0 1 0 1 0 0 2 0 2 0 0 0 1 0 1 0 2 0 1 1 0 0 2 0 1 0 0 0 0 0 0 0 0 0 1 0 1 0 0 1 0 1 0 0 0 1 0 0 2 0 0 0 1
1 253 1 1 0 0 2 0 2 0 2 0 1 1 0 1 0 0 1 0 0 0 2 0 2 0 2 0 2 0 1 1 0 0 1 1 0 0 1 0 1 1 0 1 0 0 1 0 0 0 0 0 1 1 0 0 1 0 0 0 2 0 1 1 0 0 1 0 0 1 0 0 1 0 1 0 2 0 0 1 0 0 0 1 0 0 0 1 0 0 1 1 0 0 0 0 0 0 2 0 0 0 1 0 0 0 2 0 0 0 2 0 1 0 1 0 1 0 0 1 0 0 1 0 1 0 0 0 1 1 0 0 1 0 0 0 1 1 0 0 1 1 0 0 0 0 0 0 1 0 2 0 2 0 0 1 0 0 1 0 0 0 1 0 1 1 0 0 0 0 1 0 1 1 0 0 2 0 0 0 2 0 2 0 2 0 0 0 1 1 0 0 2 0 2 0 0 0 2 0 0 0 1 1 0 1 0 0 1 0 1 0 1 1 0 0 0 0 2 0 1 0 0 0 0 1 0 0 1 0 0 0 0 0 0 0 2 0 2 0 1 1 0 0 2 0 0 1 0 0 0 0 1 1 0
1 255 1 0 0 0 0 0 1 0 2 0 2 0 1 0 0 0 2 0 1 0 1 0 1 0 2 0 2 0 2 0 0 1 0 1 0 1 0 1 0 0 1 0 0 0 2 0 1 0 0 0 0 1 0 1 0 0 2 0 1 0 1 0 0 1 0 0 2 0 1 0 2 0 1 1 0 0 1 0 2 0 2 0 0 0 2 0 0 0 2 0 2 0 1 1 0 0 1 0 0 0 1 0 2 0 1 0 0 0 2 0 0 1 0 1 0 1 0 0 2 0 2 0 1 0 2 0 0 1 0 1 0 0 2 0 0 1 0 1 0 1 0 1 0 0 0 0 0 1 0 0 2 0 1 0 2 0 2 0 1 0 0 1 0 0 0 1 0 0 0 1 0 0 1 0 0 0 0 0 2 0 1 0 2 0 1 0 2 0 0 0 0 0 1 0 1 0 2 0 0 0 2 0 0 0 0 0 2 0 1 1 0 0 0 1 0 0 1 0 0 1 0 0 1 0 1 0 2 0 1 0 0 0 0 0 1 0 1 0 2 0 1 0 0 0 0 0 2 0 1 1 0 1 0 1 0
0 255 2 0 0 0 0 1 0 0 2 0 1 1 0 0 2 0 1 0 0 0 0 0 0 0 2 0 2 0 1 1 0 0 0 1 0 1 0 0 2 0 1 0 1 0 0 1 0 0 1 0 1 1 0 1 0 0 0 1 0 1 0 1 0 0 0 0 1 0 0 0 2 0 0 1 0 1 0 0 2 0 1 0 2 0 0 0 2 0 1 0 2 0 0 1 0 0 2 0 0 1 0 0 1 1 0 0 2 0 0 1 0 0 0 1 0 1 0 0 1 0 2 0 0 0 1 1 0 0 0 1 0 0 0 1 0 0 0 1 0 1 0 0 1 1 0 0 1 1 0 0 1 0 0 0 2 0 1 1 0 0 2 0 2 0 0 0 2 0 0 0 2 0 1 0 0 0 1 0 1 0 0 0 2 0 0 0 1 0 1 0 0 1 0 0 0 0 1 0 2 0 0 0 1 0 1 0 1 0 0 1 0 0 1 0 2 0 1 0 1 0 2 0 1 1 0 0 1 1 0 0 1 0 0 1 0 0 0 0 1 1 0 0 1 0 1 0 1 0 1 0 0 1 0 0 1
1 257 1 0 0 0 1 0 1 1 0 0 1 0 1 0 0 0 0 1 0 0 1 0 0 0 1 0 1 0 2 0 0 1 0 0 1 1 0 1 0 0 0 1 0 1 0 0 2 0 2 0 2 0 0 0 0 0 2 0 0 1 0 1 0 0 1 1 0 0 2 0 1 0 0 1 0 0 0 1 0 0 1 0 0 0 1 0 2 0 1 0 0 0 1 1 0 0 0 0 0 1 0 0 0 0 0 0 0 0 0 0 2 0 2 0 0 1 0 0 2 0 2 0 0 0 1 1 0 1 0 0 1 0 2 0 0 0 2 0 0 1 0 0 2 0 2 0 2 0 2 0 2 0 1 0 1 0 1 0 1 0 0 0 1 0 1 0 2 0 0 0 2 0 0 1 0 0 1 0 2 0 2 0 1 0 0 0 1 0 2 0 2 0 1 0 1 1 0 1 0 0 1 0 1 0 2 0 2 0 2 0 1 0 2 0 2 0 1 0 0 0 0 0 2 0 0 1 0 1 0 1 0 0 2 0 1 0 1 1 0 1 0 1 0 0 2 0 2 0 2 0 2 0 1 0 2 0 1
0 257 2 0 0 1 0 0 0 1 0 0 2 0 2 0 0 0 1 0 2 0 1 0 0 1 0 0 0 0 1 1 0 0 0 0 0 0 0 0 2 0 0 1 0 1 0 0 1 0 2 0 1 0 1 0 1 0 0 1 0 0 0 1 0 0 0 0 0 0 0 1 0 0 2 0 2 0 0 0 2 0 1 0 0 1 0 0 1 1 0 0 1 1 0 1 0 0 0 0 1 0 1 1 0 0 0 0 0 0 1 0 1 0 1 1 0 0 0 0 1 0 1 0 2 0 0 0 0 0 2 0 2 0 0 0 2 0 0 1 0 0 0 0 1 0 2 0 2 0 2 0 1 1 0 1 0 1 0 1 0 0 1 1 0 0 0 0 1 0 2 0 0 0 2 0 2 0 2 0 1 0 1 1 0 0 1 1 0 0 2 0 2 0 0 0 1 0 0 0 2 0 1 1 0 0 2 0 2 0 2 0 0 0 2 0 1 1 0 0 1 0 1 0 0 1 0 0 0 1 0 1 0 0 1 0 0 0 1 0 0 1 0 1 0 0 1 0 2 0 2 0 2 0 0 0 2 0 0
0 259 1 0 0 0 2 0 2 0 0 1 0 0 1 0 1 0 1 1 0 0 1 1 0 0 2 0 1 1 0 1 0 1 0 0 0 0 0 0 1 0 0 1 0 0 0 0 2 0 2 0 0 1 0 1 0 1 0 0 2 0 2 0 0 0 1 1 0 0 0 0 1 1 0 0 1 0 1 0 2 0 0 1 0 1 0 0 0 0 0 0 0 0 0 0 0 0 1 1 0 1 0 0 0 1 0 0 0 0 0 1 0 0 0 0 0 1 0 0 0 1 0 0 0 0 1 0 1 0 1 0 1 0 1 0 2 0 0 0 2 0 1 1 0 1 0 0 2 0 2 0 2 0 1 0 0 1 0 1 0 0 2 0 2 0 1 1 0 1 0 0 1 0 2 0 1 0 2 0 2 0 0 0 1 0 0 0 0 0 0 0 1 0 1 0 1 0 2 0 1 0 1 0 1 0 0 0 1 0 2 0 1 0 2 0 1 0 0 1 0 0 2 0 2 0 1 0 2 0 0 1 0 0 2 0 1 0 0 0 2 0 1 1 0 0 2 0 2 0 1 0 2 0 1 0 2 0 0 0 1
1 259 2 0 1 0 1 0 1 0 2 0 2 0 1 1 0 0 1 0 0 0 0 0 0 0 1 0 1 0 0 1 0 0 1 1 0 0 0 0 2 0 1 0 2 0 0 0 1 0 1 1 0 0 0 1 0 1 0 0 1 0 1 0 1 1 0 1 0 0 0 1 0 1 0 1 0 0 0 0 1 1 0 0 0 0 1 1 0 0 0 0 0 0 0 0 1 0 0 0 0 0 2 0 0 0 1 1 0 0 1 0 1 1 0 0 1 0 2 0 0 0 1 1 0 1 0 0 0 0 0 0 0 0 0 0 1 0 2 0 1 0 1 0 0 1 0 0 1 0 2 0 1 1 0 1 0 0 0 1 0 0 1 0 2 0 1 0 0 0 2 0 2 0 1 0 0 0 2 0 1 0 1 0 2 0 0 0 0 0 0 1 0 0 0 0 0 0 1 1 0 1 0 1 0 0 1 1 0 0 2 0 0 0 1 1 0 1 0 0 0 0 1 0 2 0 0 0 1 1 0 0 0 0 0 1 0 0 2 0 1 0 1 0 0 0 1 0 2 0 0 0 2 0 0 0 1 0 1 1 0
1 261 1 0 1 0 0 0 0 0 0 0 2 0 2 0 0 1 0 0 2 0 0 0 0 0 0 0 2 0 2 0 1 0 2 0 2 0 2 0 0 0 1 0 0 0 1 0 1 1 0 0 0 1 0 0 1 1 0 0 2 0 1 1 0 0 1 0 0 0 2 0 0 1 0 1 0 0 1 1 0 1 0 1 0 0 0 1 0 1 0 0 0 0 0 0 0 0 2 0 0 0 1 0 0 0 1 1 0 1 0 1 0 0 0 1 0 1 0 0 1 0 2 0 0 0 0 0 1 1 0 0 0 0 0 0 0 1 0 0 1 1 0 1 0 0 2 0 2 0 2 0 1 0 1 0 0 0 2 0 0 0 2 0 2 0 0 1 0 0 2 0 1 0 1 1 0 0 2 0 1 0 0 0 0 0 1 0 1 0 0 0 1 0 1 1 0 0 1 0 0 0 0 1 0 1 0 0 0 0 0 0 0 0 2 0 0 0 0 0 1 1 0 1 0 0 1 0 1 1 0 1 0 0 0 0 1 1 0 0 0 1 0 1 0 0 1 1 0 0 1 0 2 0 0 0 1 1 0 0 0 1 0
0 261 2 0 2 0 0 0 0 0 1 0 1 0 1 1 0 0 0 0 0 0 1 0 0 0 1 0 1 0 2 0 0 0 2 0 2 0 1 0 1 0 2 0 0 1 0 0 0 1 0 0 1 1 0 0 0 0 0 0 1 0 0 1 0 0 2 0 1 0 0 1 0 0 0 1 0 0 0 0 0 1 0 0 2 0 0 1 0 0 1 1 0 0 0 0 1 0 0 0 1 0 2 0 1 0 0 0 0 1 0 0 2 0 0 1 0 0 2 0 2 0 0 0 1 0 0 1 0 1 0 0 0 0 0 0 1 1 0 0 0 0 0 1 0 0 1 0 2 0 1 1 0 1 0 0 2 0 0 0 2 0 1 0 1 1 0 0 0 0 1 0 0 0 1 0 0 0 0 1 0 0 1 0 0 0 2 0 2 0 0 1 0 0 0 1 0 0 2 0 0 0 1 1 0 0 1 1 0 0 0 0 1 0 0 0 1 0 1 0 0 0 0 0 2 0 2 0 0 0 0 0 1 1 0 1 0 1 0 0 1 1 0 0 2 0 2 0 2 0 2 0 0 0 1 1 0 1 0 0 1 0 1
1 263 1 0 1 0 1 0 1 0 0 1 0 0 0 0 0 1 0 0 0 0 0 0 2 0 0 1 0 0 0 0 1 0 2 0 1 0 2 0 0 0 0 0 1 0 2 0 2 0 0 0 2 0 2 0 1 1 0 0 0 0 2 0 1 1 0 0 0 1 0 0 2 0 2 0 0 0 1 1 0 0 1 1 0 0 0 0 2 0 2 0 2 0 1 1 0 0 2 0 0 1 0 0 1 1 0 0 1 0 1 1 0 0 0 1 0 0 0 0 1 0 1 0 1 0 2 0 1 1 0 0 1 1 0 0 0 1 0 1 0 0 0 0 1 0 2 0 2 0 1 0 1 0 0 1 0 0 0 0 2 0 1 0 0 0 0 1 0 0 0 0 2 0 0 0 2 0 0 0 1 0 2 0 1 0 1 0 1 0 1 0 2 0 2 0 0 1 0 0 0 0 1 1 0 1 0 1 0 1 0 0 0 0 2 0 0 0 2 0 2 0 0 0 1 0 1 0 1 0 1 0 1 0 0 0 0 1 0 1 0 0 0 0 0 0 1 0 2 0 2 0 1 0 2 0 0 0 0 0 2 0 1 1 0
